Taken from weather file ./USA_NY_New.York-Central.Park.725033_TMY3.epw
month 	 day 	 hour 	 directNormalIrradiance (w/m^2) 
1	1	1	0
1	1	2	0
1	1	3	0
1	1	4	0
1	1	5	0
1	1	6	0
1	1	7	0
1	1	8	0
1	1	9	100
1	1	10	478
1	1	11	713
1	1	12	644
1	1	13	818
1	1	14	790
1	1	15	776
1	1	16	597
1	1	17	165
1	1	18	0
1	1	19	0
1	1	20	0
1	1	21	0
1	1	22	0
1	1	23	0
1	1	24	0
1	2	1	0
1	2	2	0
1	2	3	0
1	2	4	0
1	2	5	0
1	2	6	0
1	2	7	0
1	2	8	150
1	2	9	581
1	2	10	762
1	2	11	842
1	2	12	871
1	2	13	871
1	2	14	738
1	2	15	731
1	2	16	178
1	2	17	42
1	2	18	0
1	2	19	0
1	2	20	0
1	2	21	0
1	2	22	0
1	2	23	0
1	2	24	0
1	3	1	0
1	3	2	0
1	3	3	0
1	3	4	0
1	3	5	0
1	3	6	0
1	3	7	0
1	3	8	0
1	3	9	1
1	3	10	4
1	3	11	4
1	3	12	1
1	3	13	2
1	3	14	4
1	3	15	1
1	3	16	1
1	3	17	0
1	3	18	0
1	3	19	0
1	3	20	0
1	3	21	0
1	3	22	0
1	3	23	0
1	3	24	0
1	4	1	0
1	4	2	0
1	4	3	0
1	4	4	0
1	4	5	0
1	4	6	0
1	4	7	0
1	4	8	15
1	4	9	255
1	4	10	516
1	4	11	459
1	4	12	496
1	4	13	443
1	4	14	150
1	4	15	338
1	4	16	104
1	4	17	13
1	4	18	0
1	4	19	0
1	4	20	0
1	4	21	0
1	4	22	0
1	4	23	0
1	4	24	0
1	5	1	0
1	5	2	0
1	5	3	0
1	5	4	0
1	5	5	0
1	5	6	0
1	5	7	0
1	5	8	19
1	5	9	273
1	5	10	458
1	5	11	554
1	5	12	672
1	5	13	667
1	5	14	626
1	5	15	519
1	5	16	308
1	5	17	26
1	5	18	0
1	5	19	0
1	5	20	0
1	5	21	0
1	5	22	0
1	5	23	0
1	5	24	0
1	6	1	0
1	6	2	0
1	6	3	0
1	6	4	0
1	6	5	0
1	6	6	0
1	6	7	0
1	6	8	198
1	6	9	640
1	6	10	796
1	6	11	821
1	6	12	581
1	6	13	340
1	6	14	783
1	6	15	786
1	6	16	377
1	6	17	41
1	6	18	0
1	6	19	0
1	6	20	0
1	6	21	0
1	6	22	0
1	6	23	0
1	6	24	0
1	7	1	0
1	7	2	0
1	7	3	0
1	7	4	0
1	7	5	0
1	7	6	0
1	7	7	0
1	7	8	6
1	7	9	145
1	7	10	36
1	7	11	5
1	7	12	2
1	7	13	13
1	7	14	10
1	7	15	1
1	7	16	5
1	7	17	0
1	7	18	0
1	7	19	0
1	7	20	0
1	7	21	0
1	7	22	0
1	7	23	0
1	7	24	0
1	8	1	0
1	8	2	0
1	8	3	0
1	8	4	0
1	8	5	0
1	8	6	0
1	8	7	0
1	8	8	0
1	8	9	0
1	8	10	1
1	8	11	1
1	8	12	0
1	8	13	0
1	8	14	1
1	8	15	1
1	8	16	166
1	8	17	5
1	8	18	0
1	8	19	0
1	8	20	0
1	8	21	0
1	8	22	0
1	8	23	0
1	8	24	0
1	9	1	0
1	9	2	0
1	9	3	0
1	9	4	0
1	9	5	0
1	9	6	0
1	9	7	0
1	9	8	83
1	9	9	481
1	9	10	691
1	9	11	776
1	9	12	815
1	9	13	655
1	9	14	488
1	9	15	215
1	9	16	233
1	9	17	37
1	9	18	0
1	9	19	0
1	9	20	0
1	9	21	0
1	9	22	0
1	9	23	0
1	9	24	0
1	10	1	0
1	10	2	0
1	10	3	0
1	10	4	0
1	10	5	0
1	10	6	0
1	10	7	0
1	10	8	193
1	10	9	631
1	10	10	799
1	10	11	880
1	10	12	913
1	10	13	854
1	10	14	813
1	10	15	795
1	10	16	573
1	10	17	201
1	10	18	0
1	10	19	0
1	10	20	0
1	10	21	0
1	10	22	0
1	10	23	0
1	10	24	0
1	11	1	0
1	11	2	0
1	11	3	0
1	11	4	0
1	11	5	0
1	11	6	0
1	11	7	0
1	11	8	8
1	11	9	4
1	11	10	6
1	11	11	9
1	11	12	2
1	11	13	1
1	11	14	2
1	11	15	1
1	11	16	1
1	11	17	0
1	11	18	0
1	11	19	0
1	11	20	0
1	11	21	0
1	11	22	0
1	11	23	0
1	11	24	0
1	12	1	0
1	12	2	0
1	12	3	0
1	12	4	0
1	12	5	0
1	12	6	0
1	12	7	0
1	12	8	0
1	12	9	106
1	12	10	478
1	12	11	753
1	12	12	750
1	12	13	134
1	12	14	4
1	12	15	38
1	12	16	43
1	12	17	34
1	12	18	0
1	12	19	0
1	12	20	0
1	12	21	0
1	12	22	0
1	12	23	0
1	12	24	0
1	13	1	0
1	13	2	0
1	13	3	0
1	13	4	0
1	13	5	0
1	13	6	0
1	13	7	0
1	13	8	15
1	13	9	137
1	13	10	390
1	13	11	233
1	13	12	309
1	13	13	256
1	13	14	52
1	13	15	261
1	13	16	269
1	13	17	4
1	13	18	0
1	13	19	0
1	13	20	0
1	13	21	0
1	13	22	0
1	13	23	0
1	13	24	0
1	14	1	0
1	14	2	0
1	14	3	0
1	14	4	0
1	14	5	0
1	14	6	0
1	14	7	0
1	14	8	98
1	14	9	75
1	14	10	185
1	14	11	764
1	14	12	788
1	14	13	762
1	14	14	652
1	14	15	731
1	14	16	451
1	14	17	153
1	14	18	0
1	14	19	0
1	14	20	0
1	14	21	0
1	14	22	0
1	14	23	0
1	14	24	0
1	15	1	0
1	15	2	0
1	15	3	0
1	15	4	0
1	15	5	0
1	15	6	0
1	15	7	0
1	15	8	86
1	15	9	71
1	15	10	73
1	15	11	495
1	15	12	53
1	15	13	258
1	15	14	401
1	15	15	557
1	15	16	450
1	15	17	105
1	15	18	0
1	15	19	0
1	15	20	0
1	15	21	0
1	15	22	0
1	15	23	0
1	15	24	0
1	16	1	0
1	16	2	0
1	16	3	0
1	16	4	0
1	16	5	0
1	16	6	0
1	16	7	0
1	16	8	5
1	16	9	85
1	16	10	327
1	16	11	75
1	16	12	10
1	16	13	3
1	16	14	2
1	16	15	4
1	16	16	0
1	16	17	0
1	16	18	0
1	16	19	0
1	16	20	0
1	16	21	0
1	16	22	0
1	16	23	0
1	16	24	0
1	17	1	0
1	17	2	0
1	17	3	0
1	17	4	0
1	17	5	0
1	17	6	0
1	17	7	0
1	17	8	14
1	17	9	142
1	17	10	218
1	17	11	634
1	17	12	691
1	17	13	704
1	17	14	517
1	17	15	51
1	17	16	32
1	17	17	1
1	17	18	0
1	17	19	0
1	17	20	0
1	17	21	0
1	17	22	0
1	17	23	0
1	17	24	0
1	18	1	0
1	18	2	0
1	18	3	0
1	18	4	0
1	18	5	0
1	18	6	0
1	18	7	0
1	18	8	183
1	18	9	611
1	18	10	783
1	18	11	872
1	18	12	902
1	18	13	907
1	18	14	881
1	18	15	823
1	18	16	664
1	18	17	284
1	18	18	0
1	18	19	0
1	18	20	0
1	18	21	0
1	18	22	0
1	18	23	0
1	18	24	0
1	19	1	0
1	19	2	0
1	19	3	0
1	19	4	0
1	19	5	0
1	19	6	0
1	19	7	0
1	19	8	155
1	19	9	581
1	19	10	766
1	19	11	848
1	19	12	882
1	19	13	884
1	19	14	834
1	19	15	764
1	19	16	593
1	19	17	224
1	19	18	0
1	19	19	0
1	19	20	0
1	19	21	0
1	19	22	0
1	19	23	0
1	19	24	0
1	20	1	0
1	20	2	0
1	20	3	0
1	20	4	0
1	20	5	0
1	20	6	0
1	20	7	0
1	20	8	1
1	20	9	8
1	20	10	1
1	20	11	4
1	20	12	9
1	20	13	1
1	20	14	4
1	20	15	1
1	20	16	2
1	20	17	0
1	20	18	0
1	20	19	0
1	20	20	0
1	20	21	0
1	20	22	0
1	20	23	0
1	20	24	0
1	21	1	0
1	21	2	0
1	21	3	0
1	21	4	0
1	21	5	0
1	21	6	0
1	21	7	0
1	21	8	0
1	21	9	1
1	21	10	0
1	21	11	1
1	21	12	2
1	21	13	2
1	21	14	1
1	21	15	1
1	21	16	0
1	21	17	0
1	21	18	0
1	21	19	0
1	21	20	0
1	21	21	0
1	21	22	0
1	21	23	0
1	21	24	0
1	22	1	0
1	22	2	0
1	22	3	0
1	22	4	0
1	22	5	0
1	22	6	0
1	22	7	0
1	22	8	42
1	22	9	361
1	22	10	546
1	22	11	423
1	22	12	489
1	22	13	510
1	22	14	537
1	22	15	512
1	22	16	220
1	22	17	86
1	22	18	0
1	22	19	0
1	22	20	0
1	22	21	0
1	22	22	0
1	22	23	0
1	22	24	0
1	23	1	0
1	23	2	0
1	23	3	0
1	23	4	0
1	23	5	0
1	23	6	0
1	23	7	0
1	23	8	66
1	23	9	302
1	23	10	274
1	23	11	323
1	23	12	190
1	23	13	288
1	23	14	133
1	23	15	526
1	23	16	439
1	23	17	51
1	23	18	0
1	23	19	0
1	23	20	0
1	23	21	0
1	23	22	0
1	23	23	0
1	23	24	0
1	24	1	0
1	24	2	0
1	24	3	0
1	24	4	0
1	24	5	0
1	24	6	0
1	24	7	0
1	24	8	1
1	24	9	2
1	24	10	5
1	24	11	1
1	24	12	0
1	24	13	4
1	24	14	3
1	24	15	2
1	24	16	0
1	24	17	0
1	24	18	0
1	24	19	0
1	24	20	0
1	24	21	0
1	24	22	0
1	24	23	0
1	24	24	0
1	25	1	0
1	25	2	0
1	25	3	0
1	25	4	0
1	25	5	0
1	25	6	0
1	25	7	0
1	25	8	109
1	25	9	391
1	25	10	269
1	25	11	276
1	25	12	123
1	25	13	446
1	25	14	469
1	25	15	147
1	25	16	71
1	25	17	20
1	25	18	0
1	25	19	0
1	25	20	0
1	25	21	0
1	25	22	0
1	25	23	0
1	25	24	0
1	26	1	0
1	26	2	0
1	26	3	0
1	26	4	0
1	26	5	0
1	26	6	0
1	26	7	0
1	26	8	1
1	26	9	5
1	26	10	2
1	26	11	3
1	26	12	3
1	26	13	2
1	26	14	250
1	26	15	183
1	26	16	32
1	26	17	56
1	26	18	0
1	26	19	0
1	26	20	0
1	26	21	0
1	26	22	0
1	26	23	0
1	26	24	0
1	27	1	0
1	27	2	0
1	27	3	0
1	27	4	0
1	27	5	0
1	27	6	0
1	27	7	0
1	27	8	0
1	27	9	13
1	27	10	1
1	27	11	4
1	27	12	7
1	27	13	3
1	27	14	3
1	27	15	3
1	27	16	1
1	27	17	0
1	27	18	0
1	27	19	0
1	27	20	0
1	27	21	0
1	27	22	0
1	27	23	0
1	27	24	0
1	28	1	0
1	28	2	0
1	28	3	0
1	28	4	0
1	28	5	0
1	28	6	0
1	28	7	0
1	28	8	0
1	28	9	1
1	28	10	1
1	28	11	47
1	28	12	439
1	28	13	517
1	28	14	7
1	28	15	216
1	28	16	421
1	28	17	278
1	28	18	2
1	28	19	0
1	28	20	0
1	28	21	0
1	28	22	0
1	28	23	0
1	28	24	0
1	29	1	0
1	29	2	0
1	29	3	0
1	29	4	0
1	29	5	0
1	29	6	0
1	29	7	0
1	29	8	3
1	29	9	34
1	29	10	5
1	29	11	10
1	29	12	2
1	29	13	3
1	29	14	1
1	29	15	2
1	29	16	3
1	29	17	0
1	29	18	0
1	29	19	0
1	29	20	0
1	29	21	0
1	29	22	0
1	29	23	0
1	29	24	0
1	30	1	0
1	30	2	0
1	30	3	0
1	30	4	0
1	30	5	0
1	30	6	0
1	30	7	0
1	30	8	7
1	30	9	102
1	30	10	32
1	30	11	36
1	30	12	65
1	30	13	4
1	30	14	4
1	30	15	129
1	30	16	21
1	30	17	1
1	30	18	0
1	30	19	0
1	30	20	0
1	30	21	0
1	30	22	0
1	30	23	0
1	30	24	0
1	31	1	0
1	31	2	0
1	31	3	0
1	31	4	0
1	31	5	0
1	31	6	0
1	31	7	0
1	31	8	266
1	31	9	668
1	31	10	812
1	31	11	787
1	31	12	273
1	31	13	328
1	31	14	451
1	31	15	93
1	31	16	26
1	31	17	1
1	31	18	0
1	31	19	0
1	31	20	0
1	31	21	0
1	31	22	0
1	31	23	0
1	31	24	0
2	1	1	0
2	1	2	0
2	1	3	0
2	1	4	0
2	1	5	0
2	1	6	0
2	1	7	0
2	1	8	26
2	1	9	82
2	1	10	6
2	1	11	272
2	1	12	155
2	1	13	231
2	1	14	23
2	1	15	278
2	1	16	181
2	1	17	58
2	1	18	5
2	1	19	0
2	1	20	0
2	1	21	0
2	1	22	0
2	1	23	0
2	1	24	0
2	2	1	0
2	2	2	0
2	2	3	0
2	2	4	0
2	2	5	0
2	2	6	0
2	2	7	0
2	2	8	1
2	2	9	1
2	2	10	10
2	2	11	4
2	2	12	5
2	2	13	6
2	2	14	1
2	2	15	1
2	2	16	1
2	2	17	0
2	2	18	0
2	2	19	0
2	2	20	0
2	2	21	0
2	2	22	0
2	2	23	0
2	2	24	0
2	3	1	0
2	3	2	0
2	3	3	0
2	3	4	0
2	3	5	0
2	3	6	0
2	3	7	0
2	3	8	0
2	3	9	96
2	3	10	406
2	3	11	633
2	3	12	469
2	3	13	608
2	3	14	210
2	3	15	61
2	3	16	66
2	3	17	2
2	3	18	0
2	3	19	0
2	3	20	0
2	3	21	0
2	3	22	0
2	3	23	0
2	3	24	0
2	4	1	0
2	4	2	0
2	4	3	0
2	4	4	0
2	4	5	0
2	4	6	0
2	4	7	0
2	4	8	1
2	4	9	3
2	4	10	2
2	4	11	7
2	4	12	5
2	4	13	2
2	4	14	3
2	4	15	1
2	4	16	93
2	4	17	80
2	4	18	0
2	4	19	0
2	4	20	0
2	4	21	0
2	4	22	0
2	4	23	0
2	4	24	0
2	5	1	0
2	5	2	0
2	5	3	0
2	5	4	0
2	5	5	0
2	5	6	0
2	5	7	0
2	5	8	178
2	5	9	539
2	5	10	721
2	5	11	807
2	5	12	578
2	5	13	704
2	5	14	653
2	5	15	149
2	5	16	260
2	5	17	300
2	5	18	5
2	5	19	0
2	5	20	0
2	5	21	0
2	5	22	0
2	5	23	0
2	5	24	0
2	6	1	0
2	6	2	0
2	6	3	0
2	6	4	0
2	6	5	0
2	6	6	0
2	6	7	0
2	6	8	163
2	6	9	534
2	6	10	704
2	6	11	793
2	6	12	830
2	6	13	836
2	6	14	809
2	6	15	743
2	6	16	609
2	6	17	307
2	6	18	6
2	6	19	0
2	6	20	0
2	6	21	0
2	6	22	0
2	6	23	0
2	6	24	0
2	7	1	0
2	7	2	0
2	7	3	0
2	7	4	0
2	7	5	0
2	7	6	0
2	7	7	0
2	7	8	156
2	7	9	533
2	7	10	699
2	7	11	790
2	7	12	694
2	7	13	739
2	7	14	667
2	7	15	375
2	7	16	145
2	7	17	180
2	7	18	2
2	7	19	0
2	7	20	0
2	7	21	0
2	7	22	0
2	7	23	0
2	7	24	0
2	8	1	0
2	8	2	0
2	8	3	0
2	8	4	0
2	8	5	0
2	8	6	0
2	8	7	0
2	8	8	302
2	8	9	647
2	8	10	807
2	8	11	867
2	8	12	728
2	8	13	624
2	8	14	668
2	8	15	707
2	8	16	61
2	8	17	33
2	8	18	8
2	8	19	0
2	8	20	0
2	8	21	0
2	8	22	0
2	8	23	0
2	8	24	0
2	9	1	0
2	9	2	0
2	9	3	0
2	9	4	0
2	9	5	0
2	9	6	0
2	9	7	0
2	9	8	226
2	9	9	363
2	9	10	371
2	9	11	554
2	9	12	565
2	9	13	661
2	9	14	115
2	9	15	115
2	9	16	130
2	9	17	45
2	9	18	2
2	9	19	0
2	9	20	0
2	9	21	0
2	9	22	0
2	9	23	0
2	9	24	0
2	10	1	0
2	10	2	0
2	10	3	0
2	10	4	0
2	10	5	0
2	10	6	0
2	10	7	0
2	10	8	71
2	10	9	239
2	10	10	276
2	10	11	551
2	10	12	459
2	10	13	520
2	10	14	401
2	10	15	423
2	10	16	448
2	10	17	178
2	10	18	2
2	10	19	0
2	10	20	0
2	10	21	0
2	10	22	0
2	10	23	0
2	10	24	0
2	11	1	0
2	11	2	0
2	11	3	0
2	11	4	0
2	11	5	0
2	11	6	0
2	11	7	0
2	11	8	55
2	11	9	157
2	11	10	269
2	11	11	664
2	11	12	618
2	11	13	410
2	11	14	82
2	11	15	34
2	11	16	279
2	11	17	24
2	11	18	0
2	11	19	0
2	11	20	0
2	11	21	0
2	11	22	0
2	11	23	0
2	11	24	0
2	12	1	0
2	12	2	0
2	12	3	0
2	12	4	0
2	12	5	0
2	12	6	0
2	12	7	0
2	12	8	3
2	12	9	1
2	12	10	6
2	12	11	8
2	12	12	0
2	12	13	3
2	12	14	2
2	12	15	2
2	12	16	0
2	12	17	1
2	12	18	0
2	12	19	0
2	12	20	0
2	12	21	0
2	12	22	0
2	12	23	0
2	12	24	0
2	13	1	0
2	13	2	0
2	13	3	0
2	13	4	0
2	13	5	0
2	13	6	0
2	13	7	2
2	13	8	319
2	13	9	480
2	13	10	243
2	13	11	422
2	13	12	316
2	13	13	112
2	13	14	281
2	13	15	170
2	13	16	204
2	13	17	60
2	13	18	3
2	13	19	0
2	13	20	0
2	13	21	0
2	13	22	0
2	13	23	0
2	13	24	0
2	14	1	0
2	14	2	0
2	14	3	0
2	14	4	0
2	14	5	0
2	14	6	0
2	14	7	0
2	14	8	64
2	14	9	244
2	14	10	499
2	14	11	590
2	14	12	703
2	14	13	567
2	14	14	389
2	14	15	415
2	14	16	249
2	14	17	168
2	14	18	3
2	14	19	0
2	14	20	0
2	14	21	0
2	14	22	0
2	14	23	0
2	14	24	0
2	15	1	0
2	15	2	0
2	15	3	0
2	15	4	0
2	15	5	0
2	15	6	0
2	15	7	6
2	15	8	244
2	15	9	89
2	15	10	149
2	15	11	269
2	15	12	254
2	15	13	76
2	15	14	10
2	15	15	10
2	15	16	10
2	15	17	4
2	15	18	0
2	15	19	0
2	15	20	0
2	15	21	0
2	15	22	0
2	15	23	0
2	15	24	0
2	16	1	0
2	16	2	0
2	16	3	0
2	16	4	0
2	16	5	0
2	16	6	0
2	16	7	0
2	16	8	1
2	16	9	0
2	16	10	1
2	16	11	658
2	16	12	551
2	16	13	889
2	16	14	921
2	16	15	878
2	16	16	784
2	16	17	581
2	16	18	106
2	16	19	0
2	16	20	0
2	16	21	0
2	16	22	0
2	16	23	0
2	16	24	0
2	17	1	0
2	17	2	0
2	17	3	0
2	17	4	0
2	17	5	0
2	17	6	0
2	17	7	0
2	17	8	32
2	17	9	119
2	17	10	351
2	17	11	714
2	17	12	748
2	17	13	755
2	17	14	633
2	17	15	392
2	17	16	315
2	17	17	125
2	17	18	6
2	17	19	0
2	17	20	0
2	17	21	0
2	17	22	0
2	17	23	0
2	17	24	0
2	18	1	0
2	18	2	0
2	18	3	0
2	18	4	0
2	18	5	0
2	18	6	0
2	18	7	0
2	18	8	87
2	18	9	523
2	18	10	820
2	18	11	887
2	18	12	915
2	18	13	923
2	18	14	901
2	18	15	864
2	18	16	777
2	18	17	502
2	18	18	89
2	18	19	0
2	18	20	0
2	18	21	0
2	18	22	0
2	18	23	0
2	18	24	0
2	19	1	0
2	19	2	0
2	19	3	0
2	19	4	0
2	19	5	0
2	19	6	0
2	19	7	0
2	19	8	5
2	19	9	80
2	19	10	2
2	19	11	187
2	19	12	23
2	19	13	7
2	19	14	13
2	19	15	4
2	19	16	5
2	19	17	5
2	19	18	0
2	19	19	0
2	19	20	0
2	19	21	0
2	19	22	0
2	19	23	0
2	19	24	0
2	20	1	0
2	20	2	0
2	20	3	0
2	20	4	0
2	20	5	0
2	20	6	0
2	20	7	0
2	20	8	2
2	20	9	0
2	20	10	0
2	20	11	282
2	20	12	10
2	20	13	13
2	20	14	1
2	20	15	0
2	20	16	2
2	20	17	2
2	20	18	1
2	20	19	0
2	20	20	0
2	20	21	0
2	20	22	0
2	20	23	0
2	20	24	0
2	21	1	0
2	21	2	0
2	21	3	0
2	21	4	0
2	21	5	0
2	21	6	0
2	21	7	7
2	21	8	215
2	21	9	338
2	21	10	295
2	21	11	242
2	21	12	86
2	21	13	199
2	21	14	483
2	21	15	760
2	21	16	790
2	21	17	574
2	21	18	117
2	21	19	0
2	21	20	0
2	21	21	0
2	21	22	0
2	21	23	0
2	21	24	0
2	22	1	0
2	22	2	0
2	22	3	0
2	22	4	0
2	22	5	0
2	22	6	0
2	22	7	5
2	22	8	265
2	22	9	536
2	22	10	582
2	22	11	666
2	22	12	693
2	22	13	642
2	22	14	469
2	22	15	541
2	22	16	97
2	22	17	249
2	22	18	16
2	22	19	0
2	22	20	0
2	22	21	0
2	22	22	0
2	22	23	0
2	22	24	0
2	23	1	0
2	23	2	0
2	23	3	0
2	23	4	0
2	23	5	0
2	23	6	0
2	23	7	33
2	23	8	299
2	23	9	724
2	23	10	704
2	23	11	781
2	23	12	710
2	23	13	773
2	23	14	470
2	23	15	41
2	23	16	7
2	23	17	6
2	23	18	0
2	23	19	0
2	23	20	0
2	23	21	0
2	23	22	0
2	23	23	0
2	23	24	0
2	24	1	0
2	24	2	0
2	24	3	0
2	24	4	0
2	24	5	0
2	24	6	0
2	24	7	11
2	24	8	308
2	24	9	557
2	24	10	75
2	24	11	256
2	24	12	376
2	24	13	145
2	24	14	81
2	24	15	246
2	24	16	154
2	24	17	132
2	24	18	9
2	24	19	0
2	24	20	0
2	24	21	0
2	24	22	0
2	24	23	0
2	24	24	0
2	25	1	0
2	25	2	0
2	25	3	0
2	25	4	0
2	25	5	0
2	25	6	0
2	25	7	33
2	25	8	376
2	25	9	550
2	25	10	669
2	25	11	496
2	25	12	380
2	25	13	88
2	25	14	160
2	25	15	160
2	25	16	264
2	25	17	131
2	25	18	26
2	25	19	0
2	25	20	0
2	25	21	0
2	25	22	0
2	25	23	0
2	25	24	0
2	26	1	0
2	26	2	0
2	26	3	0
2	26	4	0
2	26	5	0
2	26	6	0
2	26	7	14
2	26	8	329
2	26	9	610
2	26	10	746
2	26	11	814
2	26	12	841
2	26	13	851
2	26	14	779
2	26	15	664
2	26	16	472
2	26	17	138
2	26	18	22
2	26	19	0
2	26	20	0
2	26	21	0
2	26	22	0
2	26	23	0
2	26	24	0
2	27	1	0
2	27	2	0
2	27	3	0
2	27	4	0
2	27	5	0
2	27	6	0
2	27	7	2
2	27	8	6
2	27	9	8
2	27	10	1
2	27	11	2
2	27	12	2
2	27	13	4
2	27	14	2
2	27	15	3
2	27	16	1
2	27	17	1
2	27	18	0
2	27	19	0
2	27	20	0
2	27	21	0
2	27	22	0
2	27	23	0
2	27	24	0
2	28	1	0
2	28	2	0
2	28	3	0
2	28	4	0
2	28	5	0
2	28	6	0
2	28	7	6
2	28	8	255
2	28	9	534
2	28	10	676
2	28	11	744
2	28	12	733
2	28	13	746
2	28	14	762
2	28	15	693
2	28	16	583
2	28	17	363
2	28	18	37
2	28	19	0
2	28	20	0
2	28	21	0
2	28	22	0
2	28	23	0
2	28	24	0
3	1	1	0
3	1	2	0
3	1	3	0
3	1	4	0
3	1	5	0
3	1	6	0
3	1	7	52
3	1	8	476
3	1	9	723
3	1	10	829
3	1	11	876
3	1	12	913
3	1	13	849
3	1	14	742
3	1	15	720
3	1	16	472
3	1	17	260
3	1	18	70
3	1	19	0
3	1	20	0
3	1	21	0
3	1	22	0
3	1	23	0
3	1	24	0
3	2	1	0
3	2	2	0
3	2	3	0
3	2	4	0
3	2	5	0
3	2	6	0
3	2	7	76
3	2	8	519
3	2	9	745
3	2	10	661
3	2	11	578
3	2	12	304
3	2	13	12
3	2	14	10
3	2	15	9
3	2	16	91
3	2	17	7
3	2	18	6
3	2	19	0
3	2	20	0
3	2	21	0
3	2	22	0
3	2	23	0
3	2	24	0
3	3	1	0
3	3	2	0
3	3	3	0
3	3	4	0
3	3	5	0
3	3	6	0
3	3	7	9
3	3	8	36
3	3	9	2
3	3	10	1
3	3	11	8
3	3	12	10
3	3	13	51
3	3	14	135
3	3	15	481
3	3	16	644
3	3	17	180
3	3	18	46
3	3	19	0
3	3	20	0
3	3	21	0
3	3	22	0
3	3	23	0
3	3	24	0
3	4	1	0
3	4	2	0
3	4	3	0
3	4	4	0
3	4	5	0
3	4	6	0
3	4	7	30
3	4	8	387
3	4	9	643
3	4	10	761
3	4	11	830
3	4	12	853
3	4	13	857
3	4	14	837
3	4	15	787
3	4	16	687
3	4	17	483
3	4	18	95
3	4	19	0
3	4	20	0
3	4	21	0
3	4	22	0
3	4	23	0
3	4	24	0
3	5	1	0
3	5	2	0
3	5	3	0
3	5	4	0
3	5	5	0
3	5	6	0
3	5	7	0
3	5	8	4
3	5	9	5
3	5	10	372
3	5	11	422
3	5	12	503
3	5	13	762
3	5	14	17
3	5	15	6
3	5	16	7
3	5	17	2
3	5	18	4
3	5	19	0
3	5	20	0
3	5	21	0
3	5	22	0
3	5	23	0
3	5	24	0
3	6	1	0
3	6	2	0
3	6	3	0
3	6	4	0
3	6	5	0
3	6	6	0
3	6	7	0
3	6	8	4
3	6	9	0
3	6	10	3
3	6	11	1
3	6	12	2
3	6	13	4
3	6	14	3
3	6	15	1
3	6	16	0
3	6	17	0
3	6	18	26
3	6	19	0
3	6	20	0
3	6	21	0
3	6	22	0
3	6	23	0
3	6	24	0
3	7	1	0
3	7	2	0
3	7	3	0
3	7	4	0
3	7	5	0
3	7	6	0
3	7	7	51
3	7	8	441
3	7	9	681
3	7	10	788
3	7	11	842
3	7	12	865
3	7	13	873
3	7	14	854
3	7	15	808
3	7	16	711
3	7	17	520
3	7	18	123
3	7	19	0
3	7	20	0
3	7	21	0
3	7	22	0
3	7	23	0
3	7	24	0
3	8	1	0
3	8	2	0
3	8	3	0
3	8	4	0
3	8	5	0
3	8	6	0
3	8	7	165
3	8	8	637
3	8	9	819
3	8	10	910
3	8	11	952
3	8	12	972
3	8	13	975
3	8	14	960
3	8	15	748
3	8	16	666
3	8	17	483
3	8	18	112
3	8	19	0
3	8	20	0
3	8	21	0
3	8	22	0
3	8	23	0
3	8	24	0
3	9	1	0
3	9	2	0
3	9	3	0
3	9	4	0
3	9	5	0
3	9	6	0
3	9	7	72
3	9	8	441
3	9	9	84
3	9	10	183
3	9	11	11
3	9	12	23
3	9	13	5
3	9	14	5
3	9	15	9
3	9	16	1
3	9	17	2
3	9	18	1
3	9	19	0
3	9	20	0
3	9	21	0
3	9	22	0
3	9	23	0
3	9	24	0
3	10	1	0
3	10	2	0
3	10	3	0
3	10	4	0
3	10	5	0
3	10	6	0
3	10	7	0
3	10	8	1
3	10	9	0
3	10	10	1
3	10	11	0
3	10	12	0
3	10	13	0
3	10	14	1
3	10	15	0
3	10	16	547
3	10	17	429
3	10	18	102
3	10	19	0
3	10	20	0
3	10	21	0
3	10	22	0
3	10	23	0
3	10	24	0
3	11	1	0
3	11	2	0
3	11	3	0
3	11	4	0
3	11	5	0
3	11	6	0
3	11	7	0
3	11	8	2
3	11	9	4
3	11	10	2
3	11	11	6
3	11	12	286
3	11	13	379
3	11	14	455
3	11	15	449
3	11	16	242
3	11	17	38
3	11	18	12
3	11	19	0
3	11	20	0
3	11	21	0
3	11	22	0
3	11	23	0
3	11	24	0
3	12	1	0
3	12	2	0
3	12	3	0
3	12	4	0
3	12	5	0
3	12	6	0
3	12	7	2
3	12	8	4
3	12	9	0
3	12	10	10
3	12	11	822
3	12	12	706
3	12	13	159
3	12	14	703
3	12	15	114
3	12	16	513
3	12	17	356
3	12	18	36
3	12	19	0
3	12	20	0
3	12	21	0
3	12	22	0
3	12	23	0
3	12	24	0
3	13	1	0
3	13	2	0
3	13	3	0
3	13	4	0
3	13	5	0
3	13	6	0
3	13	7	115
3	13	8	403
3	13	9	401
3	13	10	416
3	13	11	542
3	13	12	481
3	13	13	243
3	13	14	542
3	13	15	711
3	13	16	611
3	13	17	444
3	13	18	123
3	13	19	0
3	13	20	0
3	13	21	0
3	13	22	0
3	13	23	0
3	13	24	0
3	14	1	0
3	14	2	0
3	14	3	0
3	14	4	0
3	14	5	0
3	14	6	0
3	14	7	73
3	14	8	312
3	14	9	518
3	14	10	605
3	14	11	697
3	14	12	545
3	14	13	560
3	14	14	715
3	14	15	387
3	14	16	99
3	14	17	1
3	14	18	2
3	14	19	0
3	14	20	0
3	14	21	0
3	14	22	0
3	14	23	0
3	14	24	0
3	15	1	0
3	15	2	0
3	15	3	0
3	15	4	0
3	15	5	0
3	15	6	0
3	15	7	1
3	15	8	25
3	15	9	373
3	15	10	528
3	15	11	767
3	15	12	804
3	15	13	795
3	15	14	147
3	15	15	410
3	15	16	47
3	15	17	88
3	15	18	8
3	15	19	0
3	15	20	0
3	15	21	0
3	15	22	0
3	15	23	0
3	15	24	0
3	16	1	0
3	16	2	0
3	16	3	0
3	16	4	0
3	16	5	0
3	16	6	0
3	16	7	7
3	16	8	278
3	16	9	545
3	16	10	589
3	16	11	640
3	16	12	487
3	16	13	588
3	16	14	223
3	16	15	150
3	16	16	308
3	16	17	133
3	16	18	37
3	16	19	0
3	16	20	0
3	16	21	0
3	16	22	0
3	16	23	0
3	16	24	0
3	17	1	0
3	17	2	0
3	17	3	0
3	17	4	0
3	17	5	0
3	17	6	0
3	17	7	2
3	17	8	13
3	17	9	6
3	17	10	9
3	17	11	9
3	17	12	0
3	17	13	1
3	17	14	180
3	17	15	20
3	17	16	9
3	17	17	5
3	17	18	2
3	17	19	0
3	17	20	0
3	17	21	0
3	17	22	0
3	17	23	0
3	17	24	0
3	18	1	0
3	18	2	0
3	18	3	0
3	18	4	0
3	18	5	0
3	18	6	0
3	18	7	2
3	18	8	4
3	18	9	3
3	18	10	1
3	18	11	239
3	18	12	817
3	18	13	561
3	18	14	732
3	18	15	805
3	18	16	786
3	18	17	634
3	18	18	277
3	18	19	0
3	18	20	0
3	18	21	0
3	18	22	0
3	18	23	0
3	18	24	0
3	19	1	0
3	19	2	0
3	19	3	0
3	19	4	0
3	19	5	0
3	19	6	0
3	19	7	1
3	19	8	180
3	19	9	579
3	19	10	599
3	19	11	520
3	19	12	723
3	19	13	757
3	19	14	645
3	19	15	7
3	19	16	4
3	19	17	6
3	19	18	2
3	19	19	0
3	19	20	0
3	19	21	0
3	19	22	0
3	19	23	0
3	19	24	0
3	20	1	0
3	20	2	0
3	20	3	0
3	20	4	0
3	20	5	0
3	20	6	0
3	20	7	1
3	20	8	2
3	20	9	2
3	20	10	2
3	20	11	0
3	20	12	0
3	20	13	0
3	20	14	1
3	20	15	0
3	20	16	1
3	20	17	1
3	20	18	0
3	20	19	0
3	20	20	0
3	20	21	0
3	20	22	0
3	20	23	0
3	20	24	0
3	21	1	0
3	21	2	0
3	21	3	0
3	21	4	0
3	21	5	0
3	21	6	0
3	21	7	0
3	21	8	212
3	21	9	675
3	21	10	725
3	21	11	901
3	21	12	955
3	21	13	962
3	21	14	933
3	21	15	908
3	21	16	841
3	21	17	715
3	21	18	398
3	21	19	8
3	21	20	0
3	21	21	0
3	21	22	0
3	21	23	0
3	21	24	0
3	22	1	0
3	22	2	0
3	22	3	0
3	22	4	0
3	22	5	0
3	22	6	0
3	22	7	223
3	22	8	110
3	22	9	717
3	22	10	849
3	22	11	912
3	22	12	924
3	22	13	928
3	22	14	799
3	22	15	688
3	22	16	354
3	22	17	492
3	22	18	134
3	22	19	3
3	22	20	0
3	22	21	0
3	22	22	0
3	22	23	0
3	22	24	0
3	23	1	0
3	23	2	0
3	23	3	0
3	23	4	0
3	23	5	0
3	23	6	0
3	23	7	175
3	23	8	548
3	23	9	642
3	23	10	569
3	23	11	849
3	23	12	803
3	23	13	868
3	23	14	799
3	23	15	339
3	23	16	2
3	23	17	486
3	23	18	226
3	23	19	2
3	23	20	0
3	23	21	0
3	23	22	0
3	23	23	0
3	23	24	0
3	24	1	0
3	24	2	0
3	24	3	0
3	24	4	0
3	24	5	0
3	24	6	0
3	24	7	3
3	24	8	9
3	24	9	6
3	24	10	10
3	24	11	9
3	24	12	5
3	24	13	1
3	24	14	3
3	24	15	0
3	24	16	1
3	24	17	1
3	24	18	1
3	24	19	0
3	24	20	0
3	24	21	0
3	24	22	0
3	24	23	0
3	24	24	0
3	25	1	0
3	25	2	0
3	25	3	0
3	25	4	0
3	25	5	0
3	25	6	0
3	25	7	22
3	25	8	410
3	25	9	264
3	25	10	464
3	25	11	437
3	25	12	157
3	25	13	132
3	25	14	5
3	25	15	237
3	25	16	460
3	25	17	467
3	25	18	189
3	25	19	1
3	25	20	0
3	25	21	0
3	25	22	0
3	25	23	0
3	25	24	0
3	26	1	0
3	26	2	0
3	26	3	0
3	26	4	0
3	26	5	0
3	26	6	0
3	26	7	131
3	26	8	458
3	26	9	638
3	26	10	732
3	26	11	783
3	26	12	806
3	26	13	730
3	26	14	784
3	26	15	640
3	26	16	486
3	26	17	368
3	26	18	154
3	26	19	0
3	26	20	0
3	26	21	0
3	26	22	0
3	26	23	0
3	26	24	0
3	27	1	0
3	27	2	0
3	27	3	0
3	27	4	0
3	27	5	0
3	27	6	15
3	27	7	417
3	27	8	724
3	27	9	855
3	27	10	919
3	27	11	959
3	27	12	972
3	27	13	974
3	27	14	961
3	27	15	660
3	27	16	806
3	27	17	688
3	27	18	437
3	27	19	22
3	27	20	0
3	27	21	0
3	27	22	0
3	27	23	0
3	27	24	0
3	28	1	0
3	28	2	0
3	28	3	0
3	28	4	0
3	28	5	0
3	28	6	1
3	28	7	187
3	28	8	538
3	28	9	702
3	28	10	774
3	28	11	829
3	28	12	854
3	28	13	853
3	28	14	827
3	28	15	743
3	28	16	646
3	28	17	416
3	28	18	73
3	28	19	1
3	28	20	0
3	28	21	0
3	28	22	0
3	28	23	0
3	28	24	0
3	29	1	0
3	29	2	0
3	29	3	0
3	29	4	0
3	29	5	0
3	29	6	4
3	29	7	98
3	29	8	292
3	29	9	546
3	29	10	639
3	29	11	661
3	29	12	682
3	29	13	546
3	29	14	717
3	29	15	609
3	29	16	338
3	29	17	167
3	29	18	21
3	29	19	0
3	29	20	0
3	29	21	0
3	29	22	0
3	29	23	0
3	29	24	0
3	30	1	0
3	30	2	0
3	30	3	0
3	30	4	0
3	30	5	0
3	30	6	0
3	30	7	3
3	30	8	2
3	30	9	8
3	30	10	0
3	30	11	4
3	30	12	4
3	30	13	3
3	30	14	2
3	30	15	1
3	30	16	1
3	30	17	0
3	30	18	1
3	30	19	0
3	30	20	0
3	30	21	0
3	30	22	0
3	30	23	0
3	30	24	0
3	31	1	0
3	31	2	0
3	31	3	0
3	31	4	0
3	31	5	0
3	31	6	0
3	31	7	0
3	31	8	0
3	31	9	1
3	31	10	1
3	31	11	1
3	31	12	2
3	31	13	0
3	31	14	1
3	31	15	1
3	31	16	1
3	31	17	1
3	31	18	1
3	31	19	0
3	31	20	0
3	31	21	0
3	31	22	0
3	31	23	0
3	31	24	0
4	1	1	0
4	1	2	0
4	1	3	0
4	1	4	0
4	1	5	0
4	1	6	0
4	1	7	0
4	1	8	0
4	1	9	1
4	1	10	1
4	1	11	0
4	1	12	1
4	1	13	1
4	1	14	0
4	1	15	0
4	1	16	1
4	1	17	1
4	1	18	0
4	1	19	0
4	1	20	0
4	1	21	0
4	1	22	0
4	1	23	0
4	1	24	0
4	2	1	0
4	2	2	0
4	2	3	0
4	2	4	0
4	2	5	0
4	2	6	0
4	2	7	0
4	2	8	1
4	2	9	2
4	2	10	0
4	2	11	2
4	2	12	1
4	2	13	0
4	2	14	0
4	2	15	1
4	2	16	1
4	2	17	1
4	2	18	0
4	2	19	0
4	2	20	0
4	2	21	0
4	2	22	0
4	2	23	0
4	2	24	0
4	3	1	0
4	3	2	0
4	3	3	0
4	3	4	0
4	3	5	0
4	3	6	0
4	3	7	0
4	3	8	1
4	3	9	1
4	3	10	0
4	3	11	1
4	3	12	2
4	3	13	1
4	3	14	0
4	3	15	2
4	3	16	1
4	3	17	1
4	3	18	0
4	3	19	0
4	3	20	0
4	3	21	0
4	3	22	0
4	3	23	0
4	3	24	0
4	4	1	0
4	4	2	0
4	4	3	0
4	4	4	0
4	4	5	0
4	4	6	0
4	4	7	0
4	4	8	1
4	4	9	1
4	4	10	0
4	4	11	0
4	4	12	2
4	4	13	0
4	4	14	0
4	4	15	0
4	4	16	0
4	4	17	1
4	4	18	0
4	4	19	0
4	4	20	0
4	4	21	0
4	4	22	0
4	4	23	0
4	4	24	0
4	5	1	0
4	5	2	0
4	5	3	0
4	5	4	0
4	5	5	0
4	5	6	1
4	5	7	1
4	5	8	8
4	5	9	7
4	5	10	435
4	5	11	3
4	5	12	8
4	5	13	617
4	5	14	723
4	5	15	684
4	5	16	560
4	5	17	445
4	5	18	174
4	5	19	2
4	5	20	0
4	5	21	0
4	5	22	0
4	5	23	0
4	5	24	0
4	6	1	0
4	6	2	0
4	6	3	0
4	6	4	0
4	6	5	0
4	6	6	0
4	6	7	3
4	6	8	2
4	6	9	3
4	6	10	7
4	6	11	2
4	6	12	5
4	6	13	2
4	6	14	2
4	6	15	60
4	6	16	11
4	6	17	5
4	6	18	3
4	6	19	0
4	6	20	0
4	6	21	0
4	6	22	0
4	6	23	0
4	6	24	0
4	7	1	0
4	7	2	0
4	7	3	0
4	7	4	0
4	7	5	0
4	7	6	0
4	7	7	0
4	7	8	3
4	7	9	2
4	7	10	1
4	7	11	403
4	7	12	773
4	7	13	832
4	7	14	701
4	7	15	370
4	7	16	563
4	7	17	533
4	7	18	204
4	7	19	16
4	7	20	0
4	7	21	0
4	7	22	0
4	7	23	0
4	7	24	0
4	8	1	0
4	8	2	0
4	8	3	0
4	8	4	0
4	8	5	0
4	8	6	46
4	8	7	503
4	8	8	737
4	8	9	281
4	8	10	348
4	8	11	574
4	8	12	8
4	8	13	174
4	8	14	239
4	8	15	577
4	8	16	287
4	8	17	312
4	8	18	432
4	8	19	49
4	8	20	0
4	8	21	0
4	8	22	0
4	8	23	0
4	8	24	0
4	9	1	0
4	9	2	0
4	9	3	0
4	9	4	0
4	9	5	0
4	9	6	86
4	9	7	540
4	9	8	753
4	9	9	855
4	9	10	923
4	9	11	953
4	9	12	755
4	9	13	854
4	9	14	845
4	9	15	797
4	9	16	726
4	9	17	655
4	9	18	328
4	9	19	23
4	9	20	0
4	9	21	0
4	9	22	0
4	9	23	0
4	9	24	0
4	10	1	0
4	10	2	0
4	10	3	0
4	10	4	0
4	10	5	0
4	10	6	24
4	10	7	8
4	10	8	2
4	10	9	11
4	10	10	113
4	10	11	207
4	10	12	89
4	10	13	108
4	10	14	195
4	10	15	2
4	10	16	11
4	10	17	3
4	10	18	5
4	10	19	1
4	10	20	0
4	10	21	0
4	10	22	0
4	10	23	0
4	10	24	0
4	11	1	0
4	11	2	0
4	11	3	0
4	11	4	0
4	11	5	0
4	11	6	1
4	11	7	3
4	11	8	88
4	11	9	776
4	11	10	877
4	11	11	824
4	11	12	932
4	11	13	893
4	11	14	552
4	11	15	130
4	11	16	384
4	11	17	245
4	11	18	13
4	11	19	4
4	11	20	0
4	11	21	0
4	11	22	0
4	11	23	0
4	11	24	0
4	12	1	0
4	12	2	0
4	12	3	0
4	12	4	0
4	12	5	0
4	12	6	4
4	12	7	2
4	12	8	201
4	12	9	0
4	12	10	9
4	12	11	727
4	12	12	639
4	12	13	508
4	12	14	420
4	12	15	62
4	12	16	131
4	12	17	119
4	12	18	70
4	12	19	0
4	12	20	0
4	12	21	0
4	12	22	0
4	12	23	0
4	12	24	0
4	13	1	0
4	13	2	0
4	13	3	0
4	13	4	0
4	13	5	0
4	13	6	23
4	13	7	333
4	13	8	582
4	13	9	713
4	13	10	785
4	13	11	824
4	13	12	838
4	13	13	839
4	13	14	817
4	13	15	775
4	13	16	697
4	13	17	557
4	13	18	289
4	13	19	12
4	13	20	0
4	13	21	0
4	13	22	0
4	13	23	0
4	13	24	0
4	14	1	0
4	14	2	0
4	14	3	0
4	14	4	0
4	14	5	0
4	14	6	41
4	14	7	380
4	14	8	613
4	14	9	502
4	14	10	690
4	14	11	486
4	14	12	757
4	14	13	677
4	14	14	712
4	14	15	295
4	14	16	133
4	14	17	408
4	14	18	114
4	14	19	0
4	14	20	0
4	14	21	0
4	14	22	0
4	14	23	0
4	14	24	0
4	15	1	0
4	15	2	0
4	15	3	0
4	15	4	0
4	15	5	0
4	15	6	0
4	15	7	5
4	15	8	6
4	15	9	7
4	15	10	1
4	15	11	2
4	15	12	3
4	15	13	182
4	15	14	182
4	15	15	321
4	15	16	626
4	15	17	579
4	15	18	359
4	15	19	21
4	15	20	0
4	15	21	0
4	15	22	0
4	15	23	0
4	15	24	0
4	16	1	0
4	16	2	0
4	16	3	0
4	16	4	0
4	16	5	0
4	16	6	17
4	16	7	326
4	16	8	551
4	16	9	680
4	16	10	751
4	16	11	797
4	16	12	812
4	16	13	815
4	16	14	794
4	16	15	752
4	16	16	674
4	16	17	537
4	16	18	278
4	16	19	12
4	16	20	0
4	16	21	0
4	16	22	0
4	16	23	0
4	16	24	0
4	17	1	0
4	17	2	0
4	17	3	0
4	17	4	0
4	17	5	0
4	17	6	1
4	17	7	24
4	17	8	8
4	17	9	14
4	17	10	76
4	17	11	11
4	17	12	3
4	17	13	13
4	17	14	2
4	17	15	5
4	17	16	5
4	17	17	0
4	17	18	0
4	17	19	1
4	17	20	0
4	17	21	0
4	17	22	0
4	17	23	0
4	17	24	0
4	18	1	0
4	18	2	0
4	18	3	0
4	18	4	0
4	18	5	0
4	18	6	137
4	18	7	549
4	18	8	746
4	18	9	843
4	18	10	889
4	18	11	742
4	18	12	835
4	18	13	933
4	18	14	886
4	18	15	886
4	18	16	836
4	18	17	736
4	18	18	508
4	18	19	83
4	18	20	0
4	18	21	0
4	18	22	0
4	18	23	0
4	18	24	0
4	19	1	0
4	19	2	0
4	19	3	0
4	19	4	0
4	19	5	0
4	19	6	82
4	19	7	467
4	19	8	682
4	19	9	790
4	19	10	850
4	19	11	879
4	19	12	892
4	19	13	885
4	19	14	870
4	19	15	833
4	19	16	759
4	19	17	612
4	19	18	180
4	19	19	21
4	19	20	0
4	19	21	0
4	19	22	0
4	19	23	0
4	19	24	0
4	20	1	0
4	20	2	0
4	20	3	0
4	20	4	0
4	20	5	0
4	20	6	5
4	20	7	69
4	20	8	91
4	20	9	5
4	20	10	99
4	20	11	556
4	20	12	404
4	20	13	675
4	20	14	531
4	20	15	76
4	20	16	346
4	20	17	343
4	20	18	186
4	20	19	0
4	20	20	0
4	20	21	0
4	20	22	0
4	20	23	0
4	20	24	0
4	21	1	0
4	21	2	0
4	21	3	0
4	21	4	0
4	21	5	0
4	21	6	4
4	21	7	0
4	21	8	5
4	21	9	6
4	21	10	6
4	21	11	0
4	21	12	1
4	21	13	2
4	21	14	0
4	21	15	0
4	21	16	1
4	21	17	1
4	21	18	53
4	21	19	9
4	21	20	0
4	21	21	0
4	21	22	0
4	21	23	0
4	21	24	0
4	22	1	0
4	22	2	0
4	22	3	0
4	22	4	0
4	22	5	0
4	22	6	171
4	22	7	569
4	22	8	657
4	22	9	830
4	22	10	660
4	22	11	905
4	22	12	917
4	22	13	925
4	22	14	907
4	22	15	881
4	22	16	827
4	22	17	727
4	22	18	520
4	22	19	102
4	22	20	0
4	22	21	0
4	22	22	0
4	22	23	0
4	22	24	0
4	23	1	0
4	23	2	0
4	23	3	0
4	23	4	0
4	23	5	0
4	23	6	81
4	23	7	185
4	23	8	501
4	23	9	686
4	23	10	745
4	23	11	843
4	23	12	701
4	23	13	848
4	23	14	740
4	23	15	798
4	23	16	730
4	23	17	614
4	23	18	389
4	23	19	33
4	23	20	0
4	23	21	0
4	23	22	0
4	23	23	0
4	23	24	0
4	24	1	0
4	24	2	0
4	24	3	0
4	24	4	0
4	24	5	0
4	24	6	8
4	24	7	222
4	24	8	376
4	24	9	580
4	24	10	648
4	24	11	582
4	24	12	695
4	24	13	588
4	24	14	555
4	24	15	476
4	24	16	503
4	24	17	292
4	24	18	54
4	24	19	1
4	24	20	0
4	24	21	0
4	24	22	0
4	24	23	0
4	24	24	0
4	25	1	0
4	25	2	0
4	25	3	0
4	25	4	0
4	25	5	0
4	25	6	8
4	25	7	0
4	25	8	0
4	25	9	1
4	25	10	2
4	25	11	4
4	25	12	6
4	25	13	2
4	25	14	3
4	25	15	377
4	25	16	604
4	25	17	492
4	25	18	238
4	25	19	18
4	25	20	0
4	25	21	0
4	25	22	0
4	25	23	0
4	25	24	0
4	26	1	0
4	26	2	0
4	26	3	0
4	26	4	0
4	26	5	0
4	26	6	80
4	26	7	417
4	26	8	544
4	26	9	683
4	26	10	732
4	26	11	753
4	26	12	824
4	26	13	817
4	26	14	802
4	26	15	770
4	26	16	695
4	26	17	540
4	26	18	331
4	26	19	10
4	26	20	0
4	26	21	0
4	26	22	0
4	26	23	0
4	26	24	0
4	27	1	0
4	27	2	0
4	27	3	0
4	27	4	0
4	27	5	0
4	27	6	51
4	27	7	329
4	27	8	499
4	27	9	622
4	27	10	673
4	27	11	737
4	27	12	717
4	27	13	733
4	27	14	620
4	27	15	641
4	27	16	187
4	27	17	483
4	27	18	152
4	27	19	19
4	27	20	0
4	27	21	0
4	27	22	0
4	27	23	0
4	27	24	0
4	28	1	0
4	28	2	0
4	28	3	0
4	28	4	0
4	28	5	0
4	28	6	241
4	28	7	582
4	28	8	743
4	28	9	779
4	28	10	816
4	28	11	835
4	28	12	864
4	28	13	910
4	28	14	852
4	28	15	451
4	28	16	660
4	28	17	672
4	28	18	521
4	28	19	78
4	28	20	0
4	28	21	0
4	28	22	0
4	28	23	0
4	28	24	0
4	29	1	0
4	29	2	0
4	29	3	0
4	29	4	0
4	29	5	0
4	29	6	1
4	29	7	1
4	29	8	4
4	29	9	3
4	29	10	1
4	29	11	6
4	29	12	6
4	29	13	4
4	29	14	1
4	29	15	1
4	29	16	0
4	29	17	1
4	29	18	0
4	29	19	0
4	29	20	0
4	29	21	0
4	29	22	0
4	29	23	0
4	29	24	0
4	30	1	0
4	30	2	0
4	30	3	0
4	30	4	0
4	30	5	0
4	30	6	0
4	30	7	0
4	30	8	1
4	30	9	0
4	30	10	1
4	30	11	1
4	30	12	0
4	30	13	2
4	30	14	2
4	30	15	2
4	30	16	1
4	30	17	1
4	30	18	1
4	30	19	0
4	30	20	0
4	30	21	0
4	30	22	0
4	30	23	0
4	30	24	0
5	1	1	0
5	1	2	0
5	1	3	0
5	1	4	0
5	1	5	0
5	1	6	13
5	1	7	72
5	1	8	613
5	1	9	814
5	1	10	869
5	1	11	900
5	1	12	773
5	1	13	821
5	1	14	792
5	1	15	848
5	1	16	759
5	1	17	525
5	1	18	229
5	1	19	56
5	1	20	0
5	1	21	0
5	1	22	0
5	1	23	0
5	1	24	0
5	2	1	0
5	2	2	0
5	2	3	0
5	2	4	0
5	2	5	0
5	2	6	1
5	2	7	4
5	2	8	2
5	2	9	6
5	2	10	1
5	2	11	2
5	2	12	3
5	2	13	1
5	2	14	1
5	2	15	1
5	2	16	75
5	2	17	49
5	2	18	48
5	2	19	14
5	2	20	0
5	2	21	0
5	2	22	0
5	2	23	0
5	2	24	0
5	3	1	0
5	3	2	0
5	3	3	0
5	3	4	0
5	3	5	0
5	3	6	2
5	3	7	3
5	3	8	1
5	3	9	74
5	3	10	4
5	3	11	1
5	3	12	13
5	3	13	3
5	3	14	4
5	3	15	3
5	3	16	3
5	3	17	1
5	3	18	0
5	3	19	0
5	3	20	0
5	3	21	0
5	3	22	0
5	3	23	0
5	3	24	0
5	4	1	0
5	4	2	0
5	4	3	0
5	4	4	0
5	4	5	0
5	4	6	0
5	4	7	1
5	4	8	0
5	4	9	1
5	4	10	1
5	4	11	1
5	4	12	1
5	4	13	1
5	4	14	1
5	4	15	1
5	4	16	1
5	4	17	0
5	4	18	0
5	4	19	0
5	4	20	0
5	4	21	0
5	4	22	0
5	4	23	0
5	4	24	0
5	5	1	0
5	5	2	0
5	5	3	0
5	5	4	0
5	5	5	0
5	5	6	0
5	5	7	1
5	5	8	1
5	5	9	0
5	5	10	2
5	5	11	0
5	5	12	1
5	5	13	2
5	5	14	2
5	5	15	1
5	5	16	1
5	5	17	1
5	5	18	0
5	5	19	0
5	5	20	0
5	5	21	0
5	5	22	0
5	5	23	0
5	5	24	0
5	6	1	0
5	6	2	0
5	6	3	0
5	6	4	0
5	6	5	0
5	6	6	0
5	6	7	0
5	6	8	1
5	6	9	0
5	6	10	118
5	6	11	0
5	6	12	1
5	6	13	8
5	6	14	10
5	6	15	2
5	6	16	2
5	6	17	211
5	6	18	60
5	6	19	47
5	6	20	0
5	6	21	0
5	6	22	0
5	6	23	0
5	6	24	0
5	7	1	0
5	7	2	0
5	7	3	0
5	7	4	0
5	7	5	0
5	7	6	124
5	7	7	450
5	7	8	612
5	7	9	716
5	7	10	687
5	7	11	718
5	7	12	781
5	7	13	742
5	7	14	680
5	7	15	576
5	7	16	312
5	7	17	67
5	7	18	54
5	7	19	0
5	7	20	0
5	7	21	0
5	7	22	0
5	7	23	0
5	7	24	0
5	8	1	0
5	8	2	0
5	8	3	0
5	8	4	0
5	8	5	0
5	8	6	4
5	8	7	5
5	8	8	8
5	8	9	224
5	8	10	367
5	8	11	347
5	8	12	718
5	8	13	693
5	8	14	606
5	8	15	728
5	8	16	717
5	8	17	374
5	8	18	428
5	8	19	91
5	8	20	0
5	8	21	0
5	8	22	0
5	8	23	0
5	8	24	0
5	9	1	0
5	9	2	0
5	9	3	0
5	9	4	0
5	9	5	4
5	9	6	238
5	9	7	508
5	9	8	645
5	9	9	723
5	9	10	706
5	9	11	756
5	9	12	689
5	9	13	543
5	9	14	779
5	9	15	521
5	9	16	616
5	9	17	589
5	9	18	482
5	9	19	114
5	9	20	0
5	9	21	0
5	9	22	0
5	9	23	0
5	9	24	0
5	10	1	0
5	10	2	0
5	10	3	0
5	10	4	0
5	10	5	0
5	10	6	30
5	10	7	203
5	10	8	401
5	10	9	413
5	10	10	561
5	10	11	538
5	10	12	556
5	10	13	604
5	10	14	552
5	10	15	414
5	10	16	198
5	10	17	214
5	10	18	124
5	10	19	14
5	10	20	0
5	10	21	0
5	10	22	0
5	10	23	0
5	10	24	0
5	11	1	0
5	11	2	0
5	11	3	0
5	11	4	0
5	11	5	0
5	11	6	60
5	11	7	328
5	11	8	510
5	11	9	619
5	11	10	678
5	11	11	720
5	11	12	731
5	11	13	725
5	11	14	634
5	11	15	592
5	11	16	583
5	11	17	467
5	11	18	266
5	11	19	25
5	11	20	0
5	11	21	0
5	11	22	0
5	11	23	0
5	11	24	0
5	12	1	0
5	12	2	0
5	12	3	0
5	12	4	0
5	12	5	13
5	12	6	337
5	12	7	398
5	12	8	539
5	12	9	624
5	12	10	577
5	12	11	531
5	12	12	391
5	12	13	430
5	12	14	402
5	12	15	659
5	12	16	149
5	12	17	151
5	12	18	108
5	12	19	12
5	12	20	0
5	12	21	0
5	12	22	0
5	12	23	0
5	12	24	0
5	13	1	0
5	13	2	0
5	13	3	0
5	13	4	0
5	13	5	5
5	13	6	175
5	13	7	525
5	13	8	603
5	13	9	693
5	13	10	758
5	13	11	788
5	13	12	785
5	13	13	804
5	13	14	807
5	13	15	777
5	13	16	703
5	13	17	629
5	13	18	386
5	13	19	76
5	13	20	0
5	13	21	0
5	13	22	0
5	13	23	0
5	13	24	0
5	14	1	0
5	14	2	0
5	14	3	0
5	14	4	0
5	14	5	0
5	14	6	59
5	14	7	191
5	14	8	290
5	14	9	398
5	14	10	490
5	14	11	618
5	14	12	517
5	14	13	637
5	14	14	478
5	14	15	432
5	14	16	560
5	14	17	386
5	14	18	231
5	14	19	21
5	14	20	0
5	14	21	0
5	14	22	0
5	14	23	0
5	14	24	0
5	15	1	0
5	15	2	0
5	15	3	0
5	15	4	0
5	15	5	1
5	15	6	2
5	15	7	6
5	15	8	6
5	15	9	7
5	15	10	5
5	15	11	1
5	15	12	5
5	15	13	3
5	15	14	389
5	15	15	475
5	15	16	828
5	15	17	751
5	15	18	596
5	15	19	258
5	15	20	0
5	15	21	0
5	15	22	0
5	15	23	0
5	15	24	0
5	16	1	0
5	16	2	0
5	16	3	0
5	16	4	0
5	16	5	1
5	16	6	138
5	16	7	414
5	16	8	574
5	16	9	679
5	16	10	739
5	16	11	774
5	16	12	787
5	16	13	612
5	16	14	709
5	16	15	621
5	16	16	651
5	16	17	512
5	16	18	348
5	16	19	58
5	16	20	0
5	16	21	0
5	16	22	0
5	16	23	0
5	16	24	0
5	17	1	0
5	17	2	0
5	17	3	0
5	17	4	0
5	17	5	1
5	17	6	20
5	17	7	46
5	17	8	153
5	17	9	444
5	17	10	557
5	17	11	801
5	17	12	807
5	17	13	816
5	17	14	783
5	17	15	777
5	17	16	754
5	17	17	582
5	17	18	418
5	17	19	160
5	17	20	1
5	17	21	0
5	17	22	0
5	17	23	0
5	17	24	0
5	18	1	0
5	18	2	0
5	18	3	0
5	18	4	0
5	18	5	5
5	18	6	234
5	18	7	513
5	18	8	666
5	18	9	587
5	18	10	463
5	18	11	624
5	18	12	754
5	18	13	711
5	18	14	506
5	18	15	560
5	18	16	51
5	18	17	5
5	18	18	1
5	18	19	1
5	18	20	0
5	18	21	0
5	18	22	0
5	18	23	0
5	18	24	0
5	19	1	0
5	19	2	0
5	19	3	0
5	19	4	0
5	19	5	0
5	19	6	1
5	19	7	1
5	19	8	4
5	19	9	1
5	19	10	0
5	19	11	1
5	19	12	0
5	19	13	2
5	19	14	1
5	19	15	1
5	19	16	0
5	19	17	1
5	19	18	1
5	19	19	0
5	19	20	0
5	19	21	0
5	19	22	0
5	19	23	0
5	19	24	0
5	20	1	0
5	20	2	0
5	20	3	0
5	20	4	0
5	20	5	0
5	20	6	0
5	20	7	1
5	20	8	1
5	20	9	1
5	20	10	1
5	20	11	2
5	20	12	1
5	20	13	2
5	20	14	1
5	20	15	1
5	20	16	0
5	20	17	0
5	20	18	1
5	20	19	0
5	20	20	0
5	20	21	0
5	20	22	0
5	20	23	0
5	20	24	0
5	21	1	0
5	21	2	0
5	21	3	0
5	21	4	0
5	21	5	0
5	21	6	0
5	21	7	0
5	21	8	0
5	21	9	1
5	21	10	1
5	21	11	54
5	21	12	7
5	21	13	39
5	21	14	331
5	21	15	399
5	21	16	484
5	21	17	429
5	21	18	327
5	21	19	63
5	21	20	0
5	21	21	0
5	21	22	0
5	21	23	0
5	21	24	0
5	22	1	0
5	22	2	0
5	22	3	0
5	22	4	0
5	22	5	17
5	22	6	218
5	22	7	427
5	22	8	123
5	22	9	7
5	22	10	246
5	22	11	6
5	22	12	333
5	22	13	318
5	22	14	639
5	22	15	546
5	22	16	324
5	22	17	264
5	22	18	318
5	22	19	74
5	22	20	1
5	22	21	0
5	22	22	0
5	22	23	0
5	22	24	0
5	23	1	0
5	23	2	0
5	23	3	0
5	23	4	0
5	23	5	4
5	23	6	64
5	23	7	97
5	23	8	8
5	23	9	11
5	23	10	5
5	23	11	11
5	23	12	0
5	23	13	2
5	23	14	4
5	23	15	3
5	23	16	2
5	23	17	0
5	23	18	45
5	23	19	2
5	23	20	0
5	23	21	0
5	23	22	0
5	23	23	0
5	23	24	0
5	24	1	0
5	24	2	0
5	24	3	0
5	24	4	0
5	24	5	0
5	24	6	4
5	24	7	2
5	24	8	6
5	24	9	3
5	24	10	4
5	24	11	95
5	24	12	59
5	24	13	0
5	24	14	316
5	24	15	335
5	24	16	164
5	24	17	157
5	24	18	158
5	24	19	1
5	24	20	0
5	24	21	0
5	24	22	0
5	24	23	0
5	24	24	0
5	25	1	0
5	25	2	0
5	25	3	0
5	25	4	0
5	25	5	0
5	25	6	3
5	25	7	6
5	25	8	2
5	25	9	6
5	25	10	521
5	25	11	448
5	25	12	216
5	25	13	3
5	25	14	0
5	25	15	19
5	25	16	7
5	25	17	2
5	25	18	2
5	25	19	1
5	25	20	0
5	25	21	0
5	25	22	0
5	25	23	0
5	25	24	0
5	26	1	0
5	26	2	0
5	26	3	0
5	26	4	0
5	26	5	0
5	26	6	0
5	26	7	0
5	26	8	0
5	26	9	22
5	26	10	1
5	26	11	9
5	26	12	4
5	26	13	3
5	26	14	1
5	26	15	1
5	26	16	2
5	26	17	2
5	26	18	1
5	26	19	0
5	26	20	0
5	26	21	0
5	26	22	0
5	26	23	0
5	26	24	0
5	27	1	0
5	27	2	0
5	27	3	0
5	27	4	0
5	27	5	0
5	27	6	0
5	27	7	0
5	27	8	1
5	27	9	1
5	27	10	0
5	27	11	0
5	27	12	0
5	27	13	1
5	27	14	1
5	27	15	0
5	27	16	0
5	27	17	0
5	27	18	0
5	27	19	0
5	27	20	0
5	27	21	0
5	27	22	0
5	27	23	0
5	27	24	0
5	28	1	0
5	28	2	0
5	28	3	0
5	28	4	0
5	28	5	0
5	28	6	0
5	28	7	246
5	28	8	71
5	28	9	144
5	28	10	299
5	28	11	448
5	28	12	590
5	28	13	563
5	28	14	313
5	28	15	451
5	28	16	319
5	28	17	478
5	28	18	302
5	28	19	45
5	28	20	0
5	28	21	0
5	28	22	0
5	28	23	0
5	28	24	0
5	29	1	0
5	29	2	0
5	29	3	0
5	29	4	0
5	29	5	34
5	29	6	381
5	29	7	614
5	29	8	740
5	29	9	804
5	29	10	805
5	29	11	652
5	29	12	791
5	29	13	834
5	29	14	750
5	29	15	470
5	29	16	612
5	29	17	177
5	29	18	249
5	29	19	106
5	29	20	9
5	29	21	0
5	29	22	0
5	29	23	0
5	29	24	0
5	30	1	0
5	30	2	0
5	30	3	0
5	30	4	0
5	30	5	18
5	30	6	307
5	30	7	559
5	30	8	684
5	30	9	757
5	30	10	807
5	30	11	835
5	30	12	728
5	30	13	774
5	30	14	576
5	30	15	393
5	30	16	524
5	30	17	472
5	30	18	471
5	30	19	217
5	30	20	4
5	30	21	0
5	30	22	0
5	30	23	0
5	30	24	0
5	31	1	0
5	31	2	0
5	31	3	0
5	31	4	0
5	31	5	31
5	31	6	254
5	31	7	161
5	31	8	653
5	31	9	655
5	31	10	782
5	31	11	760
5	31	12	758
5	31	13	476
5	31	14	52
5	31	15	11
5	31	16	1
5	31	17	7
5	31	18	256
5	31	19	155
5	31	20	7
5	31	21	0
5	31	22	0
5	31	23	0
5	31	24	0
6	1	1	0
6	1	2	0
6	1	3	0
6	1	4	0
6	1	5	2
6	1	6	149
6	1	7	394
6	1	8	549
6	1	9	643
6	1	10	705
6	1	11	739
6	1	12	754
6	1	13	751
6	1	14	736
6	1	15	688
6	1	16	555
6	1	17	466
6	1	18	270
6	1	19	30
6	1	20	0
6	1	21	0
6	1	22	0
6	1	23	0
6	1	24	0
6	2	1	0
6	2	2	0
6	2	3	0
6	2	4	0
6	2	5	22
6	2	6	114
6	2	7	512
6	2	8	708
6	2	9	827
6	2	10	871
6	2	11	891
6	2	12	899
6	2	13	715
6	2	14	749
6	2	15	457
6	2	16	313
6	2	17	610
6	2	18	392
6	2	19	80
6	2	20	11
6	2	21	0
6	2	22	0
6	2	23	0
6	2	24	0
6	3	1	0
6	3	2	0
6	3	3	0
6	3	4	0
6	3	5	0
6	3	6	3
6	3	7	3
6	3	8	67
6	3	9	16
6	3	10	7
6	3	11	2
6	3	12	3
6	3	13	1
6	3	14	300
6	3	15	618
6	3	16	445
6	3	17	202
6	3	18	106
6	3	19	26
6	3	20	0
6	3	21	0
6	3	22	0
6	3	23	0
6	3	24	0
6	4	1	0
6	4	2	0
6	4	3	0
6	4	4	0
6	4	5	0
6	4	6	43
6	4	7	60
6	4	8	37
6	4	9	52
6	4	10	479
6	4	11	112
6	4	12	3
6	4	13	3
6	4	14	92
6	4	15	373
6	4	16	311
6	4	17	89
6	4	18	94
6	4	19	2
6	4	20	0
6	4	21	0
6	4	22	0
6	4	23	0
6	4	24	0
6	5	1	0
6	5	2	0
6	5	3	0
6	5	4	0
6	5	5	8
6	5	6	224
6	5	7	487
6	5	8	462
6	5	9	593
6	5	10	718
6	5	11	805
6	5	12	851
6	5	13	840
6	5	14	822
6	5	15	796
6	5	16	746
6	5	17	651
6	5	18	496
6	5	19	182
6	5	20	3
6	5	21	0
6	5	22	0
6	5	23	0
6	5	24	0
6	6	1	0
6	6	2	0
6	6	3	0
6	6	4	0
6	6	5	17
6	6	6	314
6	6	7	528
6	6	8	148
6	6	9	687
6	6	10	651
6	6	11	386
6	6	12	453
6	6	13	842
6	6	14	836
6	6	15	640
6	6	16	479
6	6	17	551
6	6	18	294
6	6	19	118
6	6	20	0
6	6	21	0
6	6	22	0
6	6	23	0
6	6	24	0
6	7	1	0
6	7	2	0
6	7	3	0
6	7	4	0
6	7	5	0
6	7	6	4
6	7	7	4
6	7	8	4
6	7	9	231
6	7	10	2
6	7	11	646
6	7	12	327
6	7	13	590
6	7	14	377
6	7	15	748
6	7	16	819
6	7	17	754
6	7	18	623
6	7	19	318
6	7	20	23
6	7	21	0
6	7	22	0
6	7	23	0
6	7	24	0
6	8	1	0
6	8	2	0
6	8	3	0
6	8	4	0
6	8	5	5
6	8	6	142
6	8	7	412
6	8	8	535
6	8	9	527
6	8	10	624
6	8	11	512
6	8	12	40
6	8	13	496
6	8	14	46
6	8	15	7
6	8	16	1
6	8	17	1
6	8	18	0
6	8	19	1
6	8	20	0
6	8	21	0
6	8	22	0
6	8	23	0
6	8	24	0
6	9	1	0
6	9	2	0
6	9	3	0
6	9	4	0
6	9	5	0
6	9	6	0
6	9	7	0
6	9	8	53
6	9	9	7
6	9	10	1
6	9	11	1
6	9	12	120
6	9	13	22
6	9	14	20
6	9	15	5
6	9	16	124
6	9	17	95
6	9	18	180
6	9	19	14
6	9	20	0
6	9	21	0
6	9	22	0
6	9	23	0
6	9	24	0
6	10	1	0
6	10	2	0
6	10	3	0
6	10	4	0
6	10	5	1
6	10	6	115
6	10	7	328
6	10	8	546
6	10	9	639
6	10	10	608
6	10	11	659
6	10	12	636
6	10	13	64
6	10	14	600
6	10	15	447
6	10	16	180
6	10	17	143
6	10	18	109
6	10	19	4
6	10	20	0
6	10	21	0
6	10	22	0
6	10	23	0
6	10	24	0
6	11	1	0
6	11	2	0
6	11	3	0
6	11	4	0
6	11	5	12
6	11	6	257
6	11	7	187
6	11	8	148
6	11	9	3
6	11	10	4
6	11	11	10
6	11	12	6
6	11	13	7
6	11	14	1
6	11	15	6
6	11	16	4
6	11	17	0
6	11	18	1
6	11	19	17
6	11	20	0
6	11	21	0
6	11	22	0
6	11	23	0
6	11	24	0
6	12	1	0
6	12	2	0
6	12	3	0
6	12	4	0
6	12	5	3
6	12	6	170
6	12	7	405
6	12	8	554
6	12	9	652
6	12	10	699
6	12	11	750
6	12	12	761
6	12	13	760
6	12	14	745
6	12	15	708
6	12	16	595
6	12	17	332
6	12	18	275
6	12	19	64
6	12	20	1
6	12	21	0
6	12	22	0
6	12	23	0
6	12	24	0
6	13	1	0
6	13	2	0
6	13	3	0
6	13	4	0
6	13	5	13
6	13	6	176
6	13	7	366
6	13	8	595
6	13	9	689
6	13	10	793
6	13	11	779
6	13	12	857
6	13	13	557
6	13	14	737
6	13	15	446
6	13	16	9
6	13	17	8
6	13	18	6
6	13	19	3
6	13	20	0
6	13	21	0
6	13	22	0
6	13	23	0
6	13	24	0
6	14	1	0
6	14	2	0
6	14	3	0
6	14	4	0
6	14	5	0
6	14	6	3
6	14	7	2
6	14	8	0
6	14	9	1
6	14	10	0
6	14	11	1
6	14	12	0
6	14	13	1
6	14	14	0
6	14	15	1
6	14	16	0
6	14	17	1
6	14	18	1
6	14	19	0
6	14	20	0
6	14	21	0
6	14	22	0
6	14	23	0
6	14	24	0
6	15	1	0
6	15	2	0
6	15	3	0
6	15	4	0
6	15	5	0
6	15	6	75
6	15	7	239
6	15	8	552
6	15	9	743
6	15	10	808
6	15	11	828
6	15	12	851
6	15	13	808
6	15	14	828
6	15	15	803
6	15	16	745
6	15	17	661
6	15	18	526
6	15	19	231
6	15	20	11
6	15	21	0
6	15	22	0
6	15	23	0
6	15	24	0
6	16	1	0
6	16	2	0
6	16	3	0
6	16	4	0
6	16	5	0
6	16	6	2
6	16	7	3
6	16	8	2
6	16	9	0
6	16	10	717
6	16	11	718
6	16	12	728
6	16	13	729
6	16	14	667
6	16	15	679
6	16	16	565
6	16	17	605
6	16	18	458
6	16	19	195
6	16	20	4
6	16	21	0
6	16	22	0
6	16	23	0
6	16	24	0
6	17	1	0
6	17	2	0
6	17	3	0
6	17	4	0
6	17	5	26
6	17	6	137
6	17	7	482
6	17	8	533
6	17	9	581
6	17	10	712
6	17	11	732
6	17	12	775
6	17	13	536
6	17	14	695
6	17	15	795
6	17	16	775
6	17	17	684
6	17	18	537
6	17	19	260
6	17	20	10
6	17	21	0
6	17	22	0
6	17	23	0
6	17	24	0
6	18	1	0
6	18	2	0
6	18	3	0
6	18	4	0
6	18	5	1
6	18	6	84
6	18	7	258
6	18	8	425
6	18	9	385
6	18	10	434
6	18	11	460
6	18	12	380
6	18	13	326
6	18	14	534
6	18	15	440
6	18	16	90
6	18	17	6
6	18	18	2
6	18	19	1
6	18	20	0
6	18	21	0
6	18	22	0
6	18	23	0
6	18	24	0
6	19	1	0
6	19	2	0
6	19	3	0
6	19	4	0
6	19	5	2
6	19	6	106
6	19	7	277
6	19	8	5
6	19	9	4
6	19	10	263
6	19	11	339
6	19	12	533
6	19	13	874
6	19	14	655
6	19	15	636
6	19	16	103
6	19	17	5
6	19	18	3
6	19	19	3
6	19	20	7
6	19	21	0
6	19	22	0
6	19	23	0
6	19	24	0
6	20	1	0
6	20	2	0
6	20	3	0
6	20	4	0
6	20	5	10
6	20	6	257
6	20	7	493
6	20	8	642
6	20	9	724
6	20	10	685
6	20	11	159
6	20	12	20
6	20	13	87
6	20	14	37
6	20	15	6
6	20	16	4
6	20	17	186
6	20	18	2
6	20	19	3
6	20	20	0
6	20	21	0
6	20	22	0
6	20	23	0
6	20	24	0
6	21	1	0
6	21	2	0
6	21	3	0
6	21	4	0
6	21	5	0
6	21	6	1
6	21	7	0
6	21	8	5
6	21	9	0
6	21	10	1
6	21	11	2
6	21	12	1
6	21	13	0
6	21	14	0
6	21	15	163
6	21	16	409
6	21	17	528
6	21	18	493
6	21	19	188
6	21	20	4
6	21	21	0
6	21	22	0
6	21	23	0
6	21	24	0
6	22	1	0
6	22	2	0
6	22	3	0
6	22	4	0
6	22	5	1
6	22	6	66
6	22	7	293
6	22	8	485
6	22	9	634
6	22	10	684
6	22	11	654
6	22	12	572
6	22	13	558
6	22	14	588
6	22	15	610
6	22	16	312
6	22	17	2
6	22	18	12
6	22	19	1
6	22	20	0
6	22	21	0
6	22	22	0
6	22	23	0
6	22	24	0
6	23	1	0
6	23	2	0
6	23	3	0
6	23	4	0
6	23	5	0
6	23	6	16
6	23	7	53
6	23	8	9
6	23	9	19
6	23	10	6
6	23	11	1
6	23	12	206
6	23	13	0
6	23	14	583
6	23	15	671
6	23	16	647
6	23	17	524
6	23	18	592
6	23	19	339
6	23	20	17
6	23	21	0
6	23	22	0
6	23	23	0
6	23	24	0
6	24	1	0
6	24	2	0
6	24	3	0
6	24	4	0
6	24	5	10
6	24	6	255
6	24	7	481
6	24	8	647
6	24	9	728
6	24	10	689
6	24	11	645
6	24	12	467
6	24	13	374
6	24	14	272
6	24	15	464
6	24	16	370
6	24	17	180
6	24	18	244
6	24	19	207
6	24	20	8
6	24	21	0
6	24	22	0
6	24	23	0
6	24	24	0
6	25	1	0
6	25	2	0
6	25	3	0
6	25	4	0
6	25	5	2
6	25	6	153
6	25	7	398
6	25	8	501
6	25	9	579
6	25	10	564
6	25	11	175
6	25	12	617
6	25	13	328
6	25	14	503
6	25	15	491
6	25	16	70
6	25	17	145
6	25	18	5
6	25	19	24
6	25	20	0
6	25	21	0
6	25	22	0
6	25	23	0
6	25	24	0
6	26	1	0
6	26	2	0
6	26	3	0
6	26	4	0
6	26	5	20
6	26	6	315
6	26	7	558
6	26	8	697
6	26	9	775
6	26	10	812
6	26	11	656
6	26	12	517
6	26	13	302
6	26	14	588
6	26	15	696
6	26	16	593
6	26	17	385
6	26	18	349
6	26	19	110
6	26	20	13
6	26	21	0
6	26	22	0
6	26	23	0
6	26	24	0
6	27	1	0
6	27	2	0
6	27	3	0
6	27	4	0
6	27	5	0
6	27	6	31
6	27	7	92
6	27	8	393
6	27	9	401
6	27	10	267
6	27	11	599
6	27	12	528
6	27	13	583
6	27	14	342
6	27	15	458
6	27	16	192
6	27	17	5
6	27	18	172
6	27	19	34
6	27	20	0
6	27	21	0
6	27	22	0
6	27	23	0
6	27	24	0
6	28	1	0
6	28	2	0
6	28	3	0
6	28	4	0
6	28	5	36
6	28	6	352
6	28	7	559
6	28	8	616
6	28	9	584
6	28	10	543
6	28	11	561
6	28	12	797
6	28	13	520
6	28	14	602
6	28	15	347
6	28	16	278
6	28	17	243
6	28	18	133
6	28	19	34
6	28	20	1
6	28	21	0
6	28	22	0
6	28	23	0
6	28	24	0
6	29	1	0
6	29	2	0
6	29	3	0
6	29	4	0
6	29	5	0
6	29	6	4
6	29	7	7
6	29	8	1
6	29	9	85
6	29	10	80
6	29	11	503
6	29	12	234
6	29	13	709
6	29	14	545
6	29	15	112
6	29	16	175
6	29	17	434
6	29	18	266
6	29	19	6
6	29	20	0
6	29	21	0
6	29	22	0
6	29	23	0
6	29	24	0
6	30	1	0
6	30	2	0
6	30	3	0
6	30	4	0
6	30	5	1
6	30	6	101
6	30	7	285
6	30	8	353
6	30	9	211
6	30	10	244
6	30	11	158
6	30	12	340
6	30	13	546
6	30	14	222
6	30	15	288
6	30	16	522
6	30	17	379
6	30	18	208
6	30	19	11
6	30	20	0
6	30	21	0
6	30	22	0
6	30	23	0
6	30	24	0
7	1	1	0
7	1	2	0
7	1	3	0
7	1	4	0
7	1	5	0
7	1	6	38
7	1	7	140
7	1	8	391
7	1	9	450
7	1	10	363
7	1	11	264
7	1	12	487
7	1	13	134
7	1	14	485
7	1	15	513
7	1	16	568
7	1	17	409
7	1	18	5
7	1	19	1
7	1	20	0
7	1	21	0
7	1	22	0
7	1	23	0
7	1	24	0
7	2	1	0
7	2	2	0
7	2	3	0
7	2	4	0
7	2	5	0
7	2	6	2
7	2	7	3
7	2	8	4
7	2	9	2
7	2	10	1
7	2	11	1
7	2	12	1
7	2	13	0
7	2	14	1
7	2	15	1
7	2	16	0
7	2	17	0
7	2	18	1
7	2	19	0
7	2	20	0
7	2	21	0
7	2	22	0
7	2	23	0
7	2	24	0
7	3	1	0
7	3	2	0
7	3	3	0
7	3	4	0
7	3	5	0
7	3	6	0
7	3	7	0
7	3	8	0
7	3	9	1
7	3	10	459
7	3	11	195
7	3	12	318
7	3	13	310
7	3	14	528
7	3	15	450
7	3	16	242
7	3	17	162
7	3	18	137
7	3	19	39
7	3	20	0
7	3	21	0
7	3	22	0
7	3	23	0
7	3	24	0
7	4	1	0
7	4	2	0
7	4	3	0
7	4	4	0
7	4	5	1
7	4	6	24
7	4	7	28
7	4	8	99
7	4	9	249
7	4	10	520
7	4	11	423
7	4	12	333
7	4	13	135
7	4	14	15
7	4	15	2
7	4	16	155
7	4	17	135
7	4	18	184
7	4	19	64
7	4	20	1
7	4	21	0
7	4	22	0
7	4	23	0
7	4	24	0
7	5	1	0
7	5	2	0
7	5	3	0
7	5	4	0
7	5	5	5
7	5	6	46
7	5	7	358
7	5	8	455
7	5	9	483
7	5	10	445
7	5	11	467
7	5	12	289
7	5	13	317
7	5	14	475
7	5	15	458
7	5	16	335
7	5	17	602
7	5	18	271
7	5	19	71
7	5	20	4
7	5	21	0
7	5	22	0
7	5	23	0
7	5	24	0
7	6	1	0
7	6	2	0
7	6	3	0
7	6	4	0
7	6	5	1
7	6	6	31
7	6	7	35
7	6	8	384
7	6	9	479
7	6	10	445
7	6	11	614
7	6	12	288
7	6	13	463
7	6	14	612
7	6	15	640
7	6	16	606
7	6	17	479
7	6	18	321
7	6	19	191
7	6	20	8
7	6	21	0
7	6	22	0
7	6	23	0
7	6	24	0
7	7	1	0
7	7	2	0
7	7	3	0
7	7	4	0
7	7	5	0
7	7	6	2
7	7	7	2
7	7	8	0
7	7	9	1
7	7	10	0
7	7	11	5
7	7	12	5
7	7	13	2
7	7	14	1
7	7	15	0
7	7	16	1
7	7	17	0
7	7	18	0
7	7	19	0
7	7	20	0
7	7	21	0
7	7	22	0
7	7	23	0
7	7	24	0
7	8	1	0
7	8	2	0
7	8	3	0
7	8	4	0
7	8	5	0
7	8	6	0
7	8	7	0
7	8	8	0
7	8	9	1
7	8	10	0
7	8	11	1
7	8	12	0
7	8	13	1
7	8	14	0
7	8	15	458
7	8	16	435
7	8	17	483
7	8	18	42
7	8	19	26
7	8	20	1
7	8	21	0
7	8	22	0
7	8	23	0
7	8	24	0
7	9	1	0
7	9	2	0
7	9	3	0
7	9	4	0
7	9	5	4
7	9	6	181
7	9	7	406
7	9	8	618
7	9	9	703
7	9	10	757
7	9	11	638
7	9	12	267
7	9	13	369
7	9	14	11
7	9	15	15
7	9	16	113
7	9	17	79
7	9	18	317
7	9	19	103
7	9	20	3
7	9	21	0
7	9	22	0
7	9	23	0
7	9	24	0
7	10	1	0
7	10	2	0
7	10	3	0
7	10	4	0
7	10	5	0
7	10	6	47
7	10	7	190
7	10	8	164
7	10	9	304
7	10	10	78
7	10	11	321
7	10	12	502
7	10	13	608
7	10	14	518
7	10	15	491
7	10	16	314
7	10	17	293
7	10	18	63
7	10	19	4
7	10	20	0
7	10	21	0
7	10	22	0
7	10	23	0
7	10	24	0
7	11	1	0
7	11	2	0
7	11	3	0
7	11	4	0
7	11	5	4
7	11	6	65
7	11	7	173
7	11	8	651
7	11	9	765
7	11	10	814
7	11	11	791
7	11	12	772
7	11	13	495
7	11	14	331
7	11	15	532
7	11	16	588
7	11	17	376
7	11	18	276
7	11	19	108
7	11	20	0
7	11	21	0
7	11	22	0
7	11	23	0
7	11	24	0
7	12	1	0
7	12	2	0
7	12	3	0
7	12	4	0
7	12	5	0
7	12	6	1
7	12	7	7
7	12	8	277
7	12	9	299
7	12	10	206
7	12	11	263
7	12	12	76
7	12	13	301
7	12	14	634
7	12	15	479
7	12	16	627
7	12	17	2
7	12	18	7
7	12	19	1
7	12	20	12
7	12	21	0
7	12	22	0
7	12	23	0
7	12	24	0
7	13	1	0
7	13	2	0
7	13	3	0
7	13	4	0
7	13	5	0
7	13	6	32
7	13	7	201
7	13	8	354
7	13	9	396
7	13	10	519
7	13	11	580
7	13	12	514
7	13	13	547
7	13	14	528
7	13	15	535
7	13	16	468
7	13	17	361
7	13	18	210
7	13	19	38
7	13	20	0
7	13	21	0
7	13	22	0
7	13	23	0
7	13	24	0
7	14	1	0
7	14	2	0
7	14	3	0
7	14	4	0
7	14	5	0
7	14	6	1
7	14	7	3
7	14	8	7
7	14	9	6
7	14	10	2
7	14	11	4
7	14	12	694
7	14	13	590
7	14	14	406
7	14	15	221
7	14	16	11
7	14	17	5
7	14	18	5
7	14	19	0
7	14	20	0
7	14	21	0
7	14	22	0
7	14	23	0
7	14	24	0
7	15	1	0
7	15	2	0
7	15	3	0
7	15	4	0
7	15	5	3
7	15	6	199
7	15	7	386
7	15	8	582
7	15	9	446
7	15	10	194
7	15	11	421
7	15	12	319
7	15	13	468
7	15	14	719
7	15	15	596
7	15	16	616
7	15	17	434
7	15	18	326
7	15	19	164
7	15	20	3
7	15	21	0
7	15	22	0
7	15	23	0
7	15	24	0
7	16	1	0
7	16	2	0
7	16	3	0
7	16	4	0
7	16	5	1
7	16	6	33
7	16	7	171
7	16	8	164
7	16	9	190
7	16	10	487
7	16	11	399
7	16	12	349
7	16	13	510
7	16	14	98
7	16	15	119
7	16	16	211
7	16	17	461
7	16	18	489
7	16	19	233
7	16	20	12
7	16	21	0
7	16	22	0
7	16	23	0
7	16	24	0
7	17	1	0
7	17	2	0
7	17	3	0
7	17	4	0
7	17	5	13
7	17	6	300
7	17	7	577
7	17	8	714
7	17	9	793
7	17	10	843
7	17	11	869
7	17	12	851
7	17	13	841
7	17	14	860
7	17	15	847
7	17	16	804
7	17	17	648
7	17	18	543
7	17	19	296
7	17	20	18
7	17	21	0
7	17	22	0
7	17	23	0
7	17	24	0
7	18	1	0
7	18	2	0
7	18	3	0
7	18	4	0
7	18	5	0
7	18	6	16
7	18	7	146
7	18	8	327
7	18	9	421
7	18	10	485
7	18	11	532
7	18	12	567
7	18	13	579
7	18	14	548
7	18	15	555
7	18	16	481
7	18	17	379
7	18	18	220
7	18	19	39
7	18	20	0
7	18	21	0
7	18	22	0
7	18	23	0
7	18	24	0
7	19	1	0
7	19	2	0
7	19	3	0
7	19	4	0
7	19	5	0
7	19	6	35
7	19	7	86
7	19	8	450
7	19	9	501
7	19	10	553
7	19	11	96
7	19	12	633
7	19	13	635
7	19	14	473
7	19	15	175
7	19	16	8
7	19	17	367
7	19	18	216
7	19	19	55
7	19	20	1
7	19	21	0
7	19	22	0
7	19	23	0
7	19	24	0
7	20	1	0
7	20	2	0
7	20	3	0
7	20	4	0
7	20	5	0
7	20	6	0
7	20	7	3
7	20	8	5
7	20	9	5
7	20	10	96
7	20	11	7
7	20	12	4
7	20	13	9
7	20	14	304
7	20	15	317
7	20	16	138
7	20	17	132
7	20	18	166
7	20	19	27
7	20	20	0
7	20	21	0
7	20	22	0
7	20	23	0
7	20	24	0
7	21	1	0
7	21	2	0
7	21	3	0
7	21	4	0
7	21	5	16
7	21	6	326
7	21	7	602
7	21	8	733
7	21	9	803
7	21	10	845
7	21	11	869
7	21	12	879
7	21	13	881
7	21	14	871
7	21	15	851
7	21	16	790
7	21	17	658
7	21	18	430
7	21	19	103
7	21	20	18
7	21	21	0
7	21	22	0
7	21	23	0
7	21	24	0
7	22	1	0
7	22	2	0
7	22	3	0
7	22	4	0
7	22	5	7
7	22	6	117
7	22	7	322
7	22	8	160
7	22	9	676
7	22	10	749
7	22	11	470
7	22	12	226
7	22	13	404
7	22	14	466
7	22	15	424
7	22	16	578
7	22	17	432
7	22	18	341
7	22	19	141
7	22	20	5
7	22	21	0
7	22	22	0
7	22	23	0
7	22	24	0
7	23	1	0
7	23	2	0
7	23	3	0
7	23	4	0
7	23	5	0
7	23	6	0
7	23	7	0
7	23	8	4
7	23	9	37
7	23	10	679
7	23	11	671
7	23	12	570
7	23	13	637
7	23	14	560
7	23	15	550
7	23	16	571
7	23	17	467
7	23	18	334
7	23	19	84
7	23	20	0
7	23	21	0
7	23	22	0
7	23	23	0
7	23	24	0
7	24	1	0
7	24	2	0
7	24	3	0
7	24	4	0
7	24	5	0
7	24	6	108
7	24	7	380
7	24	8	546
7	24	9	645
7	24	10	707
7	24	11	742
7	24	12	754
7	24	13	719
7	24	14	646
7	24	15	164
7	24	16	2
7	24	17	3
7	24	18	3
7	24	19	1
7	24	20	0
7	24	21	0
7	24	22	0
7	24	23	0
7	24	24	0
7	25	1	0
7	25	2	0
7	25	3	0
7	25	4	0
7	25	5	0
7	25	6	5
7	25	7	107
7	25	8	82
7	25	9	409
7	25	10	413
7	25	11	489
7	25	12	514
7	25	13	483
7	25	14	396
7	25	15	433
7	25	16	352
7	25	17	48
7	25	18	12
7	25	19	1
7	25	20	0
7	25	21	0
7	25	22	0
7	25	23	0
7	25	24	0
7	26	1	0
7	26	2	0
7	26	3	0
7	26	4	0
7	26	5	0
7	26	6	85
7	26	7	293
7	26	8	411
7	26	9	580
7	26	10	150
7	26	11	14
7	26	12	7
7	26	13	5
7	26	14	400
7	26	15	207
7	26	16	229
7	26	17	271
7	26	18	414
7	26	19	119
7	26	20	2
7	26	21	0
7	26	22	0
7	26	23	0
7	26	24	0
7	27	1	0
7	27	2	0
7	27	3	0
7	27	4	0
7	27	5	0
7	27	6	76
7	27	7	344
7	27	8	520
7	27	9	566
7	27	10	591
7	27	11	537
7	27	12	634
7	27	13	451
7	27	14	486
7	27	15	554
7	27	16	518
7	27	17	382
7	27	18	226
7	27	19	96
7	27	20	0
7	27	21	0
7	27	22	0
7	27	23	0
7	27	24	0
7	28	1	0
7	28	2	0
7	28	3	0
7	28	4	0
7	28	5	3
7	28	6	131
7	28	7	435
7	28	8	651
7	28	9	732
7	28	10	773
7	28	11	591
7	28	12	472
7	28	13	740
7	28	14	495
7	28	15	718
7	28	16	466
7	28	17	444
7	28	18	103
7	28	19	140
7	28	20	10
7	28	21	0
7	28	22	0
7	28	23	0
7	28	24	0
7	29	1	0
7	29	2	0
7	29	3	0
7	29	4	0
7	29	5	3
7	29	6	226
7	29	7	539
7	29	8	700
7	29	9	781
7	29	10	828
7	29	11	851
7	29	12	873
7	29	13	876
7	29	14	827
7	29	15	826
7	29	16	752
7	29	17	570
7	29	18	434
7	29	19	165
7	29	20	4
7	29	21	0
7	29	22	0
7	29	23	0
7	29	24	0
7	30	1	0
7	30	2	0
7	30	3	0
7	30	4	0
7	30	5	0
7	30	6	30
7	30	7	337
7	30	8	372
7	30	9	245
7	30	10	350
7	30	11	737
7	30	12	359
7	30	13	86
7	30	14	357
7	30	15	387
7	30	16	3
7	30	17	142
7	30	18	327
7	30	19	16
7	30	20	0
7	30	21	0
7	30	22	0
7	30	23	0
7	30	24	0
7	31	1	0
7	31	2	0
7	31	3	0
7	31	4	0
7	31	5	0
7	31	6	4
7	31	7	105
7	31	8	163
7	31	9	319
7	31	10	583
7	31	11	602
7	31	12	627
7	31	13	381
7	31	14	465
7	31	15	280
7	31	16	178
7	31	17	395
7	31	18	90
7	31	19	27
7	31	20	0
7	31	21	0
7	31	22	0
7	31	23	0
7	31	24	0
8	1	1	0
8	1	2	0
8	1	3	0
8	1	4	0
8	1	5	1
8	1	6	187
8	1	7	450
8	1	8	317
8	1	9	439
8	1	10	438
8	1	11	684
8	1	12	527
8	1	13	729
8	1	14	782
8	1	15	778
8	1	16	591
8	1	17	588
8	1	18	552
8	1	19	307
8	1	20	9
8	1	21	0
8	1	22	0
8	1	23	0
8	1	24	0
8	2	1	0
8	2	2	0
8	2	3	0
8	2	4	0
8	2	5	0
8	2	6	21
8	2	7	23
8	2	8	46
8	2	9	1
8	2	10	81
8	2	11	6
8	2	12	9
8	2	13	9
8	2	14	8
8	2	15	5
8	2	16	4
8	2	17	1
8	2	18	2
8	2	19	0
8	2	20	0
8	2	21	0
8	2	22	0
8	2	23	0
8	2	24	0
8	3	1	0
8	3	2	0
8	3	3	0
8	3	4	0
8	3	5	0
8	3	6	0
8	3	7	0
8	3	8	1
8	3	9	1
8	3	10	1
8	3	11	111
8	3	12	408
8	3	13	439
8	3	14	578
8	3	15	315
8	3	16	438
8	3	17	308
8	3	18	340
8	3	19	188
8	3	20	3
8	3	21	0
8	3	22	0
8	3	23	0
8	3	24	0
8	4	1	0
8	4	2	0
8	4	3	0
8	4	4	0
8	4	5	0
8	4	6	64
8	4	7	351
8	4	8	535
8	4	9	644
8	4	10	597
8	4	11	654
8	4	12	742
8	4	13	409
8	4	14	273
8	4	15	443
8	4	16	448
8	4	17	343
8	4	18	184
8	4	19	85
8	4	20	0
8	4	21	0
8	4	22	0
8	4	23	0
8	4	24	0
8	5	1	0
8	5	2	0
8	5	3	0
8	5	4	0
8	5	5	0
8	5	6	128
8	5	7	443
8	5	8	569
8	5	9	182
8	5	10	3
8	5	11	14
8	5	12	8
8	5	13	12
8	5	14	4
8	5	15	1
8	5	16	2
8	5	17	3
8	5	18	1
8	5	19	0
8	5	20	0
8	5	21	0
8	5	22	0
8	5	23	0
8	5	24	0
8	6	1	0
8	6	2	0
8	6	3	0
8	6	4	0
8	6	5	0
8	6	6	0
8	6	7	1
8	6	8	0
8	6	9	0
8	6	10	0
8	6	11	208
8	6	12	331
8	6	13	655
8	6	14	515
8	6	15	258
8	6	16	15
8	6	17	3
8	6	18	2
8	6	19	16
8	6	20	0
8	6	21	0
8	6	22	0
8	6	23	0
8	6	24	0
8	7	1	0
8	7	2	0
8	7	3	0
8	7	4	0
8	7	5	0
8	7	6	2
8	7	7	90
8	7	8	210
8	7	9	325
8	7	10	208
8	7	11	406
8	7	12	447
8	7	13	549
8	7	14	367
8	7	15	320
8	7	16	378
8	7	17	82
8	7	18	128
8	7	19	5
8	7	20	0
8	7	21	0
8	7	22	0
8	7	23	0
8	7	24	0
8	8	1	0
8	8	2	0
8	8	3	0
8	8	4	0
8	8	5	0
8	8	6	65
8	8	7	338
8	8	8	509
8	8	9	603
8	8	10	502
8	8	11	419
8	8	12	222
8	8	13	591
8	8	14	533
8	8	15	586
8	8	16	202
8	8	17	3
8	8	18	1
8	8	19	53
8	8	20	0
8	8	21	0
8	8	22	0
8	8	23	0
8	8	24	0
8	9	1	0
8	9	2	0
8	9	3	0
8	9	4	0
8	9	5	0
8	9	6	1
8	9	7	2
8	9	8	16
8	9	9	4
8	9	10	17
8	9	11	10
8	9	12	4
8	9	13	4
8	9	14	0
8	9	15	4
8	9	16	2
8	9	17	1
8	9	18	0
8	9	19	0
8	9	20	0
8	9	21	0
8	9	22	0
8	9	23	0
8	9	24	0
8	10	1	0
8	10	2	0
8	10	3	0
8	10	4	0
8	10	5	0
8	10	6	0
8	10	7	0
8	10	8	1
8	10	9	0
8	10	10	0
8	10	11	1
8	10	12	104
8	10	13	221
8	10	14	386
8	10	15	132
8	10	16	1
8	10	17	3
8	10	18	6
8	10	19	1
8	10	20	0
8	10	21	0
8	10	22	0
8	10	23	0
8	10	24	0
8	11	1	0
8	11	2	0
8	11	3	0
8	11	4	0
8	11	5	0
8	11	6	133
8	11	7	488
8	11	8	664
8	11	9	757
8	11	10	809
8	11	11	839
8	11	12	736
8	11	13	781
8	11	14	638
8	11	15	618
8	11	16	628
8	11	17	591
8	11	18	352
8	11	19	96
8	11	20	0
8	11	21	0
8	11	22	0
8	11	23	0
8	11	24	0
8	12	1	0
8	12	2	0
8	12	3	0
8	12	4	0
8	12	5	0
8	12	6	89
8	12	7	388
8	12	8	481
8	12	9	612
8	12	10	651
8	12	11	695
8	12	12	757
8	12	13	689
8	12	14	817
8	12	15	748
8	12	16	787
8	12	17	705
8	12	18	544
8	12	19	187
8	12	20	0
8	12	21	0
8	12	22	0
8	12	23	0
8	12	24	0
8	13	1	0
8	13	2	0
8	13	3	0
8	13	4	0
8	13	5	0
8	13	6	72
8	13	7	396
8	13	8	499
8	13	9	663
8	13	10	667
8	13	11	591
8	13	12	439
8	13	13	492
8	13	14	552
8	13	15	176
8	13	16	508
8	13	17	424
8	13	18	170
8	13	19	25
8	13	20	0
8	13	21	0
8	13	22	0
8	13	23	0
8	13	24	0
8	14	1	0
8	14	2	0
8	14	3	0
8	14	4	0
8	14	5	0
8	14	6	149
8	14	7	329
8	14	8	280
8	14	9	621
8	14	10	658
8	14	11	770
8	14	12	556
8	14	13	655
8	14	14	541
8	14	15	439
8	14	16	532
8	14	17	452
8	14	18	563
8	14	19	181
8	14	20	0
8	14	21	0
8	14	22	0
8	14	23	0
8	14	24	0
8	15	1	0
8	15	2	0
8	15	3	0
8	15	4	0
8	15	5	0
8	15	6	6
8	15	7	196
8	15	8	3
8	15	9	391
8	15	10	85
8	15	11	409
8	15	12	346
8	15	13	469
8	15	14	731
8	15	15	656
8	15	16	541
8	15	17	610
8	15	18	368
8	15	19	132
8	15	20	0
8	15	21	0
8	15	22	0
8	15	23	0
8	15	24	0
8	16	1	0
8	16	2	0
8	16	3	0
8	16	4	0
8	16	5	0
8	16	6	5
8	16	7	212
8	16	8	427
8	16	9	552
8	16	10	623
8	16	11	306
8	16	12	529
8	16	13	600
8	16	14	584
8	16	15	545
8	16	16	446
8	16	17	432
8	16	18	232
8	16	19	16
8	16	20	0
8	16	21	0
8	16	22	0
8	16	23	0
8	16	24	0
8	17	1	0
8	17	2	0
8	17	3	0
8	17	4	0
8	17	5	0
8	17	6	46
8	17	7	324
8	17	8	446
8	17	9	607
8	17	10	656
8	17	11	741
8	17	12	509
8	17	13	631
8	17	14	667
8	17	15	648
8	17	16	627
8	17	17	560
8	17	18	346
8	17	19	47
8	17	20	0
8	17	21	0
8	17	22	0
8	17	23	0
8	17	24	0
8	18	1	0
8	18	2	0
8	18	3	0
8	18	4	0
8	18	5	0
8	18	6	39
8	18	7	242
8	18	8	528
8	18	9	713
8	18	10	778
8	18	11	803
8	18	12	781
8	18	13	593
8	18	14	694
8	18	15	774
8	18	16	516
8	18	17	299
8	18	18	240
8	18	19	56
8	18	20	0
8	18	21	0
8	18	22	0
8	18	23	0
8	18	24	0
8	19	1	0
8	19	2	0
8	19	3	0
8	19	4	0
8	19	5	0
8	19	6	2
8	19	7	127
8	19	8	120
8	19	9	52
8	19	10	198
8	19	11	254
8	19	12	422
8	19	13	433
8	19	14	220
8	19	15	385
8	19	16	358
8	19	17	302
8	19	18	173
8	19	19	3
8	19	20	0
8	19	21	0
8	19	22	0
8	19	23	0
8	19	24	0
8	20	1	0
8	20	2	0
8	20	3	0
8	20	4	0
8	20	5	0
8	20	6	15
8	20	7	249
8	20	8	541
8	20	9	623
8	20	10	590
8	20	11	661
8	20	12	560
8	20	13	407
8	20	14	339
8	20	15	274
8	20	16	355
8	20	17	395
8	20	18	291
8	20	19	37
8	20	20	0
8	20	21	0
8	20	22	0
8	20	23	0
8	20	24	0
8	21	1	0
8	21	2	0
8	21	3	0
8	21	4	0
8	21	5	0
8	21	6	101
8	21	7	484
8	21	8	679
8	21	9	771
8	21	10	827
8	21	11	819
8	21	12	763
8	21	13	877
8	21	14	773
8	21	15	730
8	21	16	722
8	21	17	660
8	21	18	472
8	21	19	77
8	21	20	0
8	21	21	0
8	21	22	0
8	21	23	0
8	21	24	0
8	22	1	0
8	22	2	0
8	22	3	0
8	22	4	0
8	22	5	0
8	22	6	32
8	22	7	88
8	22	8	51
8	22	9	7
8	22	10	2
8	22	11	3
8	22	12	10
8	22	13	59
8	22	14	752
8	22	15	51
8	22	16	6
8	22	17	6
8	22	18	3
8	22	19	0
8	22	20	0
8	22	21	0
8	22	22	0
8	22	23	0
8	22	24	0
8	23	1	0
8	23	2	0
8	23	3	0
8	23	4	0
8	23	5	0
8	23	6	19
8	23	7	269
8	23	8	520
8	23	9	610
8	23	10	190
8	23	11	437
8	23	12	358
8	23	13	295
8	23	14	510
8	23	15	508
8	23	16	462
8	23	17	381
8	23	18	180
8	23	19	20
8	23	20	0
8	23	21	0
8	23	22	0
8	23	23	0
8	23	24	0
8	24	1	0
8	24	2	0
8	24	3	0
8	24	4	0
8	24	5	0
8	24	6	20
8	24	7	288
8	24	8	515
8	24	9	641
8	24	10	565
8	24	11	596
8	24	12	527
8	24	13	446
8	24	14	400
8	24	15	383
8	24	16	356
8	24	17	278
8	24	18	138
8	24	19	14
8	24	20	0
8	24	21	0
8	24	22	0
8	24	23	0
8	24	24	0
8	25	1	0
8	25	2	0
8	25	3	0
8	25	4	0
8	25	5	0
8	25	6	49
8	25	7	213
8	25	8	500
8	25	9	445
8	25	10	190
8	25	11	184
8	25	12	227
8	25	13	272
8	25	14	198
8	25	15	355
8	25	16	466
8	25	17	445
8	25	18	297
8	25	19	35
8	25	20	0
8	25	21	0
8	25	22	0
8	25	23	0
8	25	24	0
8	26	1	0
8	26	2	0
8	26	3	0
8	26	4	0
8	26	5	0
8	26	6	16
8	26	7	148
8	26	8	216
8	26	9	595
8	26	10	517
8	26	11	681
8	26	12	299
8	26	13	532
8	26	14	569
8	26	15	120
8	26	16	5
8	26	17	5
8	26	18	6
8	26	19	1
8	26	20	0
8	26	21	0
8	26	22	0
8	26	23	0
8	26	24	0
8	27	1	0
8	27	2	0
8	27	3	0
8	27	4	0
8	27	5	0
8	27	6	0
8	27	7	0
8	27	8	1
8	27	9	1
8	27	10	0
8	27	11	0
8	27	12	0
8	27	13	0
8	27	14	0
8	27	15	1
8	27	16	1
8	27	17	0
8	27	18	0
8	27	19	0
8	27	20	0
8	27	21	0
8	27	22	0
8	27	23	0
8	27	24	0
8	28	1	0
8	28	2	0
8	28	3	0
8	28	4	0
8	28	5	0
8	28	6	0
8	28	7	1
8	28	8	1
8	28	9	1
8	28	10	0
8	28	11	1
8	28	12	1
8	28	13	0
8	28	14	2
8	28	15	0
8	28	16	0
8	28	17	1
8	28	18	1
8	28	19	0
8	28	20	0
8	28	21	0
8	28	22	0
8	28	23	0
8	28	24	0
8	29	1	0
8	29	2	0
8	29	3	0
8	29	4	0
8	29	5	0
8	29	6	0
8	29	7	0
8	29	8	0
8	29	9	0
8	29	10	84
8	29	11	230
8	29	12	565
8	29	13	239
8	29	14	530
8	29	15	193
8	29	16	435
8	29	17	195
8	29	18	119
8	29	19	2
8	29	20	0
8	29	21	0
8	29	22	0
8	29	23	0
8	29	24	0
8	30	1	0
8	30	2	0
8	30	3	0
8	30	4	0
8	30	5	0
8	30	6	37
8	30	7	372
8	30	8	594
8	30	9	709
8	30	10	784
8	30	11	814
8	30	12	803
8	30	13	758
8	30	14	792
8	30	15	571
8	30	16	657
8	30	17	566
8	30	18	325
8	30	19	24
8	30	20	0
8	30	21	0
8	30	22	0
8	30	23	0
8	30	24	0
8	31	1	0
8	31	2	0
8	31	3	0
8	31	4	0
8	31	5	0
8	31	6	22
8	31	7	370
8	31	8	583
8	31	9	621
8	31	10	520
8	31	11	604
8	31	12	672
8	31	13	466
8	31	14	420
8	31	15	649
8	31	16	626
8	31	17	602
8	31	18	262
8	31	19	6
8	31	20	0
8	31	21	0
8	31	22	0
8	31	23	0
8	31	24	0
9	1	1	0
9	1	2	0
9	1	3	0
9	1	4	0
9	1	5	0
9	1	6	23
9	1	7	114
9	1	8	113
9	1	9	357
9	1	10	372
9	1	11	362
9	1	12	443
9	1	13	577
9	1	14	677
9	1	15	670
9	1	16	509
9	1	17	470
9	1	18	254
9	1	19	26
9	1	20	0
9	1	21	0
9	1	22	0
9	1	23	0
9	1	24	0
9	2	1	0
9	2	2	0
9	2	3	0
9	2	4	0
9	2	5	0
9	2	6	1
9	2	7	1
9	2	8	1
9	2	9	6
9	2	10	3
9	2	11	8
9	2	12	229
9	2	13	155
9	2	14	35
9	2	15	105
9	2	16	54
9	2	17	87
9	2	18	17
9	2	19	0
9	2	20	0
9	2	21	0
9	2	22	0
9	2	23	0
9	2	24	0
9	3	1	0
9	3	2	0
9	3	3	0
9	3	4	0
9	3	5	0
9	3	6	1
9	3	7	42
9	3	8	54
9	3	9	2
9	3	10	4
9	3	11	190
9	3	12	171
9	3	13	220
9	3	14	380
9	3	15	537
9	3	16	397
9	3	17	99
9	3	18	71
9	3	19	0
9	3	20	0
9	3	21	0
9	3	22	0
9	3	23	0
9	3	24	0
9	4	1	0
9	4	2	0
9	4	3	0
9	4	4	0
9	4	5	0
9	4	6	1
9	4	7	127
9	4	8	332
9	4	9	484
9	4	10	570
9	4	11	615
9	4	12	517
9	4	13	551
9	4	14	477
9	4	15	453
9	4	16	468
9	4	17	275
9	4	18	61
9	4	19	0
9	4	20	0
9	4	21	0
9	4	22	0
9	4	23	0
9	4	24	0
9	5	1	0
9	5	2	0
9	5	3	0
9	5	4	0
9	5	5	0
9	5	6	0
9	5	7	1
9	5	8	35
9	5	9	33
9	5	10	201
9	5	11	304
9	5	12	109
9	5	13	30
9	5	14	93
9	5	15	26
9	5	16	15
9	5	17	4
9	5	18	4
9	5	19	0
9	5	20	0
9	5	21	0
9	5	22	0
9	5	23	0
9	5	24	0
9	6	1	0
9	6	2	0
9	6	3	0
9	6	4	0
9	6	5	0
9	6	6	0
9	6	7	2
9	6	8	1
9	6	9	1
9	6	10	0
9	6	11	1
9	6	12	0
9	6	13	1
9	6	14	186
9	6	15	472
9	6	16	518
9	6	17	216
9	6	18	92
9	6	19	4
9	6	20	0
9	6	21	0
9	6	22	0
9	6	23	0
9	6	24	0
9	7	1	0
9	7	2	0
9	7	3	0
9	7	4	0
9	7	5	0
9	7	6	25
9	7	7	117
9	7	8	264
9	7	9	419
9	7	10	723
9	7	11	751
9	7	12	755
9	7	13	766
9	7	14	627
9	7	15	738
9	7	16	643
9	7	17	468
9	7	18	238
9	7	19	8
9	7	20	0
9	7	21	0
9	7	22	0
9	7	23	0
9	7	24	0
9	8	1	0
9	8	2	0
9	8	3	0
9	8	4	0
9	8	5	0
9	8	6	0
9	8	7	23
9	8	8	8
9	8	9	59
9	8	10	99
9	8	11	193
9	8	12	139
9	8	13	202
9	8	14	74
9	8	15	72
9	8	16	71
9	8	17	14
9	8	18	1
9	8	19	0
9	8	20	0
9	8	21	0
9	8	22	0
9	8	23	0
9	8	24	0
9	9	1	0
9	9	2	0
9	9	3	0
9	9	4	0
9	9	5	0
9	9	6	23
9	9	7	327
9	9	8	537
9	9	9	735
9	9	10	834
9	9	11	864
9	9	12	872
9	9	13	881
9	9	14	857
9	9	15	800
9	9	16	712
9	9	17	519
9	9	18	257
9	9	19	12
9	9	20	0
9	9	21	0
9	9	22	0
9	9	23	0
9	9	24	0
9	10	1	0
9	10	2	0
9	10	3	0
9	10	4	0
9	10	5	0
9	10	6	16
9	10	7	321
9	10	8	506
9	10	9	613
9	10	10	664
9	10	11	671
9	10	12	704
9	10	13	702
9	10	14	616
9	10	15	610
9	10	16	602
9	10	17	381
9	10	18	98
9	10	19	1
9	10	20	0
9	10	21	0
9	10	22	0
9	10	23	0
9	10	24	0
9	11	1	0
9	11	2	0
9	11	3	0
9	11	4	0
9	11	5	0
9	11	6	1
9	11	7	31
9	11	8	86
9	11	9	414
9	11	10	655
9	11	11	641
9	11	12	763
9	11	13	778
9	11	14	716
9	11	15	622
9	11	16	546
9	11	17	392
9	11	18	133
9	11	19	1
9	11	20	0
9	11	21	0
9	11	22	0
9	11	23	0
9	11	24	0
9	12	1	0
9	12	2	0
9	12	3	0
9	12	4	0
9	12	5	0
9	12	6	8
9	12	7	269
9	12	8	533
9	12	9	672
9	12	10	749
9	12	11	784
9	12	12	799
9	12	13	798
9	12	14	778
9	12	15	731
9	12	16	645
9	12	17	484
9	12	18	173
9	12	19	1
9	12	20	0
9	12	21	0
9	12	22	0
9	12	23	0
9	12	24	0
9	13	1	0
9	13	2	0
9	13	3	0
9	13	4	0
9	13	5	0
9	13	6	36
9	13	7	420
9	13	8	537
9	13	9	681
9	13	10	533
9	13	11	625
9	13	12	618
9	13	13	490
9	13	14	575
9	13	15	303
9	13	16	180
9	13	17	225
9	13	18	40
9	13	19	1
9	13	20	0
9	13	21	0
9	13	22	0
9	13	23	0
9	13	24	0
9	14	1	0
9	14	2	0
9	14	3	0
9	14	4	0
9	14	5	0
9	14	6	1
9	14	7	3
9	14	8	2
9	14	9	4
9	14	10	7
9	14	11	3
9	14	12	5
9	14	13	1
9	14	14	3
9	14	15	1
9	14	16	1
9	14	17	0
9	14	18	0
9	14	19	0
9	14	20	0
9	14	21	0
9	14	22	0
9	14	23	0
9	14	24	0
9	15	1	0
9	15	2	0
9	15	3	0
9	15	4	0
9	15	5	0
9	15	6	1
9	15	7	158
9	15	8	419
9	15	9	569
9	15	10	611
9	15	11	354
9	15	12	259
9	15	13	122
9	15	14	268
9	15	15	394
9	15	16	492
9	15	17	239
9	15	18	61
9	15	19	0
9	15	20	0
9	15	21	0
9	15	22	0
9	15	23	0
9	15	24	0
9	16	1	0
9	16	2	0
9	16	3	0
9	16	4	0
9	16	5	0
9	16	6	0
9	16	7	100
9	16	8	339
9	16	9	492
9	16	10	584
9	16	11	435
9	16	12	428
9	16	13	553
9	16	14	441
9	16	15	317
9	16	16	345
9	16	17	254
9	16	18	27
9	16	19	0
9	16	20	0
9	16	21	0
9	16	22	0
9	16	23	0
9	16	24	0
9	17	1	0
9	17	2	0
9	17	3	0
9	17	4	0
9	17	5	0
9	17	6	41
9	17	7	449
9	17	8	690
9	17	9	690
9	17	10	802
9	17	11	732
9	17	12	635
9	17	13	595
9	17	14	369
9	17	15	619
9	17	16	580
9	17	17	621
9	17	18	274
9	17	19	0
9	17	20	0
9	17	21	0
9	17	22	0
9	17	23	0
9	17	24	0
9	18	1	0
9	18	2	0
9	18	3	0
9	18	4	0
9	18	5	0
9	18	6	19
9	18	7	369
9	18	8	640
9	18	9	756
9	18	10	818
9	18	11	804
9	18	12	759
9	18	13	458
9	18	14	718
9	18	15	461
9	18	16	506
9	18	17	352
9	18	18	156
9	18	19	0
9	18	20	0
9	18	21	0
9	18	22	0
9	18	23	0
9	18	24	0
9	19	1	0
9	19	2	0
9	19	3	0
9	19	4	0
9	19	5	0
9	19	6	2
9	19	7	236
9	19	8	518
9	19	9	571
9	19	10	742
9	19	11	705
9	19	12	705
9	19	13	656
9	19	14	634
9	19	15	685
9	19	16	630
9	19	17	453
9	19	18	106
9	19	19	0
9	19	20	0
9	19	21	0
9	19	22	0
9	19	23	0
9	19	24	0
9	20	1	0
9	20	2	0
9	20	3	0
9	20	4	0
9	20	5	0
9	20	6	0
9	20	7	135
9	20	8	409
9	20	9	569
9	20	10	657
9	20	11	706
9	20	12	725
9	20	13	723
9	20	14	693
9	20	15	538
9	20	16	481
9	20	17	290
9	20	18	26
9	20	19	0
9	20	20	0
9	20	21	0
9	20	22	0
9	20	23	0
9	20	24	0
9	21	1	0
9	21	2	0
9	21	3	0
9	21	4	0
9	21	5	0
9	21	6	0
9	21	7	2
9	21	8	4
9	21	9	5
9	21	10	2
9	21	11	4
9	21	12	6
9	21	13	4
9	21	14	0
9	21	15	0
9	21	16	1
9	21	17	0
9	21	18	0
9	21	19	0
9	21	20	0
9	21	21	0
9	21	22	0
9	21	23	0
9	21	24	0
9	22	1	0
9	22	2	0
9	22	3	0
9	22	4	0
9	22	5	0
9	22	6	0
9	22	7	0
9	22	8	0
9	22	9	1
9	22	10	1
9	22	11	0
9	22	12	1
9	22	13	1
9	22	14	0
9	22	15	1
9	22	16	1
9	22	17	0
9	22	18	0
9	22	19	0
9	22	20	0
9	22	21	0
9	22	22	0
9	22	23	0
9	22	24	0
9	23	1	0
9	23	2	0
9	23	3	0
9	23	4	0
9	23	5	0
9	23	6	4
9	23	7	210
9	23	8	375
9	23	9	687
9	23	10	817
9	23	11	851
9	23	12	864
9	23	13	858
9	23	14	841
9	23	15	794
9	23	16	705
9	23	17	527
9	23	18	146
9	23	19	0
9	23	20	0
9	23	21	0
9	23	22	0
9	23	23	0
9	23	24	0
9	24	1	0
9	24	2	0
9	24	3	0
9	24	4	0
9	24	5	0
9	24	6	10
9	24	7	238
9	24	8	155
9	24	9	492
9	24	10	662
9	24	11	675
9	24	12	684
9	24	13	655
9	24	14	577
9	24	15	527
9	24	16	464
9	24	17	329
9	24	18	65
9	24	19	0
9	24	20	0
9	24	21	0
9	24	22	0
9	24	23	0
9	24	24	0
9	25	1	0
9	25	2	0
9	25	3	0
9	25	4	0
9	25	5	0
9	25	6	0
9	25	7	6
9	25	8	27
9	25	9	6
9	25	10	23
9	25	11	148
9	25	12	331
9	25	13	489
9	25	14	335
9	25	15	113
9	25	16	152
9	25	17	83
9	25	18	3
9	25	19	0
9	25	20	0
9	25	21	0
9	25	22	0
9	25	23	0
9	25	24	0
9	26	1	0
9	26	2	0
9	26	3	0
9	26	4	0
9	26	5	0
9	26	6	1
9	26	7	16
9	26	8	115
9	26	9	353
9	26	10	311
9	26	11	377
9	26	12	432
9	26	13	499
9	26	14	553
9	26	15	385
9	26	16	389
9	26	17	205
9	26	18	62
9	26	19	0
9	26	20	0
9	26	21	0
9	26	22	0
9	26	23	0
9	26	24	0
9	27	1	0
9	27	2	0
9	27	3	0
9	27	4	0
9	27	5	0
9	27	6	0
9	27	7	7
9	27	8	199
9	27	9	163
9	27	10	123
9	27	11	230
9	27	12	230
9	27	13	371
9	27	14	294
9	27	15	109
9	27	16	78
9	27	17	174
9	27	18	9
9	27	19	0
9	27	20	0
9	27	21	0
9	27	22	0
9	27	23	0
9	27	24	0
9	28	1	0
9	28	2	0
9	28	3	0
9	28	4	0
9	28	5	0
9	28	6	1
9	28	7	15
9	28	8	47
9	28	9	245
9	28	10	97
9	28	11	364
9	28	12	18
9	28	13	3
9	28	14	4
9	28	15	2
9	28	16	2
9	28	17	1
9	28	18	0
9	28	19	0
9	28	20	0
9	28	21	0
9	28	22	0
9	28	23	0
9	28	24	0
9	29	1	0
9	29	2	0
9	29	3	0
9	29	4	0
9	29	5	0
9	29	6	0
9	29	7	0
9	29	8	0
9	29	9	1
9	29	10	1
9	29	11	1
9	29	12	1
9	29	13	1
9	29	14	1
9	29	15	103
9	29	16	33
9	29	17	13
9	29	18	1
9	29	19	0
9	29	20	0
9	29	21	0
9	29	22	0
9	29	23	0
9	29	24	0
9	30	1	0
9	30	2	0
9	30	3	0
9	30	4	0
9	30	5	0
9	30	6	0
9	30	7	3
9	30	8	2
9	30	9	5
9	30	10	4
9	30	11	1
9	30	12	4
9	30	13	1
9	30	14	1
9	30	15	1
9	30	16	1
9	30	17	0
9	30	18	0
9	30	19	0
9	30	20	0
9	30	21	0
9	30	22	0
9	30	23	0
9	30	24	0
10	1	1	0
10	1	2	0
10	1	3	0
10	1	4	0
10	1	5	0
10	1	6	0
10	1	7	9
10	1	8	92
10	1	9	502
10	1	10	305
10	1	11	647
10	1	12	722
10	1	13	636
10	1	14	592
10	1	15	401
10	1	16	333
10	1	17	107
10	1	18	15
10	1	19	0
10	1	20	0
10	1	21	0
10	1	22	0
10	1	23	0
10	1	24	0
10	2	1	0
10	2	2	0
10	2	3	0
10	2	4	0
10	2	5	0
10	2	6	0
10	2	7	5
10	2	8	6
10	2	9	2
10	2	10	7
10	2	11	1
10	2	12	6
10	2	13	1
10	2	14	55
10	2	15	70
10	2	16	311
10	2	17	24
10	2	18	1
10	2	19	0
10	2	20	0
10	2	21	0
10	2	22	0
10	2	23	0
10	2	24	0
10	3	1	0
10	3	2	0
10	3	3	0
10	3	4	0
10	3	5	0
10	3	6	0
10	3	7	5
10	3	8	61
10	3	9	62
10	3	10	17
10	3	11	98
10	3	12	82
10	3	13	102
10	3	14	71
10	3	15	2
10	3	16	4
10	3	17	2
10	3	18	0
10	3	19	0
10	3	20	0
10	3	21	0
10	3	22	0
10	3	23	0
10	3	24	0
10	4	1	0
10	4	2	0
10	4	3	0
10	4	4	0
10	4	5	0
10	4	6	1
10	4	7	172
10	4	8	472
10	4	9	522
10	4	10	571
10	4	11	448
10	4	12	698
10	4	13	728
10	4	14	468
10	4	15	400
10	4	16	272
10	4	17	404
10	4	18	57
10	4	19	0
10	4	20	0
10	4	21	0
10	4	22	0
10	4	23	0
10	4	24	0
10	5	1	0
10	5	2	0
10	5	3	0
10	5	4	0
10	5	5	0
10	5	6	0
10	5	7	17
10	5	8	121
10	5	9	177
10	5	10	75
10	5	11	212
10	5	12	329
10	5	13	366
10	5	14	233
10	5	15	207
10	5	16	406
10	5	17	243
10	5	18	11
10	5	19	0
10	5	20	0
10	5	21	0
10	5	22	0
10	5	23	0
10	5	24	0
10	6	1	0
10	6	2	0
10	6	3	0
10	6	4	0
10	6	5	0
10	6	6	0
10	6	7	13
10	6	8	48
10	6	9	125
10	6	10	306
10	6	11	552
10	6	12	460
10	6	13	519
10	6	14	658
10	6	15	450
10	6	16	592
10	6	17	433
10	6	18	35
10	6	19	0
10	6	20	0
10	6	21	0
10	6	22	0
10	6	23	0
10	6	24	0
10	7	1	0
10	7	2	0
10	7	3	0
10	7	4	0
10	7	5	0
10	7	6	0
10	7	7	29
10	7	8	50
10	7	9	92
10	7	10	514
10	7	11	691
10	7	12	461
10	7	13	518
10	7	14	454
10	7	15	564
10	7	16	251
10	7	17	98
10	7	18	3
10	7	19	0
10	7	20	0
10	7	21	0
10	7	22	0
10	7	23	0
10	7	24	0
10	8	1	0
10	8	2	0
10	8	3	0
10	8	4	0
10	8	5	0
10	8	6	0
10	8	7	57
10	8	8	370
10	8	9	491
10	8	10	676
10	8	11	694
10	8	12	700
10	8	13	720
10	8	14	548
10	8	15	499
10	8	16	358
10	8	17	184
10	8	18	4
10	8	19	0
10	8	20	0
10	8	21	0
10	8	22	0
10	8	23	0
10	8	24	0
10	9	1	0
10	9	2	0
10	9	3	0
10	9	4	0
10	9	5	0
10	9	6	0
10	9	7	224
10	9	8	594
10	9	9	737
10	9	10	816
10	9	11	856
10	9	12	871
10	9	13	875
10	9	14	850
10	9	15	795
10	9	16	685
10	9	17	433
10	9	18	38
10	9	19	0
10	9	20	0
10	9	21	0
10	9	22	0
10	9	23	0
10	9	24	0
10	10	1	0
10	10	2	0
10	10	3	0
10	10	4	0
10	10	5	0
10	10	6	0
10	10	7	127
10	10	8	484
10	10	9	652
10	10	10	742
10	10	11	785
10	10	12	810
10	10	13	804
10	10	14	564
10	10	15	255
10	10	16	3
10	10	17	1
10	10	18	0
10	10	19	0
10	10	20	0
10	10	21	0
10	10	22	0
10	10	23	0
10	10	24	0
10	11	1	0
10	11	2	0
10	11	3	0
10	11	4	0
10	11	5	0
10	11	6	0
10	11	7	0
10	11	8	2
10	11	9	1
10	11	10	0
10	11	11	2
10	11	12	1
10	11	13	0
10	11	14	1
10	11	15	1
10	11	16	1
10	11	17	0
10	11	18	0
10	11	19	0
10	11	20	0
10	11	21	0
10	11	22	0
10	11	23	0
10	11	24	0
10	12	1	0
10	12	2	0
10	12	3	0
10	12	4	0
10	12	5	0
10	12	6	0
10	12	7	176
10	12	8	544
10	12	9	677
10	12	10	564
10	12	11	551
10	12	12	562
10	12	13	71
10	12	14	168
10	12	15	322
10	12	16	208
10	12	17	55
10	12	18	3
10	12	19	0
10	12	20	0
10	12	21	0
10	12	22	0
10	12	23	0
10	12	24	0
10	13	1	0
10	13	2	0
10	13	3	0
10	13	4	0
10	13	5	0
10	13	6	0
10	13	7	176
10	13	8	506
10	13	9	568
10	13	10	591
10	13	11	486
10	13	12	502
10	13	13	265
10	13	14	410
10	13	15	393
10	13	16	252
10	13	17	103
10	13	18	7
10	13	19	0
10	13	20	0
10	13	21	0
10	13	22	0
10	13	23	0
10	13	24	0
10	14	1	0
10	14	2	0
10	14	3	0
10	14	4	0
10	14	5	0
10	14	6	0
10	14	7	25
10	14	8	192
10	14	9	547
10	14	10	426
10	14	11	644
10	14	12	621
10	14	13	880
10	14	14	797
10	14	15	689
10	14	16	587
10	14	17	269
10	14	18	17
10	14	19	0
10	14	20	0
10	14	21	0
10	14	22	0
10	14	23	0
10	14	24	0
10	15	1	0
10	15	2	0
10	15	3	0
10	15	4	0
10	15	5	0
10	15	6	0
10	15	7	4
10	15	8	31
10	15	9	66
10	15	10	114
10	15	11	117
10	15	12	65
10	15	13	9
10	15	14	186
10	15	15	254
10	15	16	320
10	15	17	158
10	15	18	2
10	15	19	0
10	15	20	0
10	15	21	0
10	15	22	0
10	15	23	0
10	15	24	0
10	16	1	0
10	16	2	0
10	16	3	0
10	16	4	0
10	16	5	0
10	16	6	0
10	16	7	112
10	16	8	364
10	16	9	555
10	16	10	749
10	16	11	654
10	16	12	533
10	16	13	549
10	16	14	620
10	16	15	497
10	16	16	293
10	16	17	147
10	16	18	5
10	16	19	0
10	16	20	0
10	16	21	0
10	16	22	0
10	16	23	0
10	16	24	0
10	17	1	0
10	17	2	0
10	17	3	0
10	17	4	0
10	17	5	0
10	17	6	0
10	17	7	38
10	17	8	264
10	17	9	506
10	17	10	698
10	17	11	691
10	17	12	750
10	17	13	743
10	17	14	625
10	17	15	625
10	17	16	404
10	17	17	90
10	17	18	2
10	17	19	0
10	17	20	0
10	17	21	0
10	17	22	0
10	17	23	0
10	17	24	0
10	18	1	0
10	18	2	0
10	18	3	0
10	18	4	0
10	18	5	0
10	18	6	0
10	18	7	0
10	18	8	1
10	18	9	3
10	18	10	4
10	18	11	7
10	18	12	4
10	18	13	5
10	18	14	0
10	18	15	1
10	18	16	0
10	18	17	0
10	18	18	0
10	18	19	0
10	18	20	0
10	18	21	0
10	18	22	0
10	18	23	0
10	18	24	0
10	19	1	0
10	19	2	0
10	19	3	0
10	19	4	0
10	19	5	0
10	19	6	0
10	19	7	11
10	19	8	109
10	19	9	363
10	19	10	511
10	19	11	797
10	19	12	710
10	19	13	667
10	19	14	753
10	19	15	789
10	19	16	526
10	19	17	310
10	19	18	7
10	19	19	0
10	19	20	0
10	19	21	0
10	19	22	0
10	19	23	0
10	19	24	0
10	20	1	0
10	20	2	0
10	20	3	0
10	20	4	0
10	20	5	0
10	20	6	0
10	20	7	106
10	20	8	443
10	20	9	672
10	20	10	517
10	20	11	779
10	20	12	435
10	20	13	370
10	20	14	109
10	20	15	301
10	20	16	237
10	20	17	11
10	20	18	0
10	20	19	0
10	20	20	0
10	20	21	0
10	20	22	0
10	20	23	0
10	20	24	0
10	21	1	0
10	21	2	0
10	21	3	0
10	21	4	0
10	21	5	0
10	21	6	0
10	21	7	1
10	21	8	7
10	21	9	43
10	21	10	269
10	21	11	191
10	21	12	11
10	21	13	3
10	21	14	79
10	21	15	111
10	21	16	109
10	21	17	40
10	21	18	1
10	21	19	0
10	21	20	0
10	21	21	0
10	21	22	0
10	21	23	0
10	21	24	0
10	22	1	0
10	22	2	0
10	22	3	0
10	22	4	0
10	22	5	0
10	22	6	0
10	22	7	134
10	22	8	246
10	22	9	466
10	22	10	417
10	22	11	665
10	22	12	601
10	22	13	515
10	22	14	361
10	22	15	468
10	22	16	438
10	22	17	191
10	22	18	0
10	22	19	0
10	22	20	0
10	22	21	0
10	22	22	0
10	22	23	0
10	22	24	0
10	23	1	0
10	23	2	0
10	23	3	0
10	23	4	0
10	23	5	0
10	23	6	0
10	23	7	104
10	23	8	494
10	23	9	703
10	23	10	791
10	23	11	842
10	23	12	824
10	23	13	801
10	23	14	680
10	23	15	476
10	23	16	380
10	23	17	117
10	23	18	0
10	23	19	0
10	23	20	0
10	23	21	0
10	23	22	0
10	23	23	0
10	23	24	0
10	24	1	0
10	24	2	0
10	24	3	0
10	24	4	0
10	24	5	0
10	24	6	0
10	24	7	24
10	24	8	87
10	24	9	316
10	24	10	624
10	24	11	391
10	24	12	217
10	24	13	162
10	24	14	274
10	24	15	138
10	24	16	99
10	24	17	30
10	24	18	0
10	24	19	0
10	24	20	0
10	24	21	0
10	24	22	0
10	24	23	0
10	24	24	0
10	25	1	0
10	25	2	0
10	25	3	0
10	25	4	0
10	25	5	0
10	25	6	0
10	25	7	2
10	25	8	1
10	25	9	13
10	25	10	9
10	25	11	5
10	25	12	8
10	25	13	3
10	25	14	3
10	25	15	1
10	25	16	0
10	25	17	11
10	25	18	0
10	25	19	0
10	25	20	0
10	25	21	0
10	25	22	0
10	25	23	0
10	25	24	0
10	26	1	0
10	26	2	0
10	26	3	0
10	26	4	0
10	26	5	0
10	26	6	0
10	26	7	49
10	26	8	174
10	26	9	298
10	26	10	260
10	26	11	121
10	26	12	97
10	26	13	134
10	26	14	4
10	26	15	11
10	26	16	6
10	26	17	2
10	26	18	0
10	26	19	0
10	26	20	0
10	26	21	0
10	26	22	0
10	26	23	0
10	26	24	0
10	27	1	0
10	27	2	0
10	27	3	0
10	27	4	0
10	27	5	0
10	27	6	0
10	27	7	50
10	27	8	260
10	27	9	333
10	27	10	554
10	27	11	603
10	27	12	470
10	27	13	517
10	27	14	629
10	27	15	626
10	27	16	510
10	27	17	107
10	27	18	0
10	27	19	0
10	27	20	0
10	27	21	0
10	27	22	0
10	27	23	0
10	27	24	0
10	28	1	0
10	28	2	0
10	28	3	0
10	28	4	0
10	28	5	0
10	28	6	0
10	28	7	0
10	28	8	1
10	28	9	5
10	28	10	5
10	28	11	6
10	28	12	0
10	28	13	0
10	28	14	4
10	28	15	41
10	28	16	47
10	28	17	12
10	28	18	0
10	28	19	0
10	28	20	0
10	28	21	0
10	28	22	0
10	28	23	0
10	28	24	0
10	29	1	0
10	29	2	0
10	29	3	0
10	29	4	0
10	29	5	0
10	29	6	0
10	29	7	1
10	29	8	50
10	29	9	382
10	29	10	459
10	29	11	406
10	29	12	372
10	29	13	284
10	29	14	486
10	29	15	466
10	29	16	176
10	29	17	33
10	29	18	0
10	29	19	0
10	29	20	0
10	29	21	0
10	29	22	0
10	29	23	0
10	29	24	0
10	30	1	0
10	30	2	0
10	30	3	0
10	30	4	0
10	30	5	0
10	30	6	0
10	30	7	91
10	30	8	154
10	30	9	132
10	30	10	55
10	30	11	300
10	30	12	484
10	30	13	625
10	30	14	278
10	30	15	379
10	30	16	341
10	30	17	197
10	30	18	0
10	30	19	0
10	30	20	0
10	30	21	0
10	30	22	0
10	30	23	0
10	30	24	0
10	31	1	0
10	31	2	0
10	31	3	0
10	31	4	0
10	31	5	0
10	31	6	0
10	31	7	41
10	31	8	368
10	31	9	598
10	31	10	772
10	31	11	821
10	31	12	828
10	31	13	824
10	31	14	747
10	31	15	631
10	31	16	368
10	31	17	118
10	31	18	0
10	31	19	0
10	31	20	0
10	31	21	0
10	31	22	0
10	31	23	0
10	31	24	0
11	1	1	0
11	1	2	0
11	1	3	0
11	1	4	0
11	1	5	0
11	1	6	0
11	1	7	107
11	1	8	319
11	1	9	748
11	1	10	834
11	1	11	873
11	1	12	894
11	1	13	885
11	1	14	614
11	1	15	607
11	1	16	571
11	1	17	264
11	1	18	0
11	1	19	0
11	1	20	0
11	1	21	0
11	1	22	0
11	1	23	0
11	1	24	0
11	2	1	0
11	2	2	0
11	2	3	0
11	2	4	0
11	2	5	0
11	2	6	0
11	2	7	124
11	2	8	579
11	2	9	768
11	2	10	854
11	2	11	895
11	2	12	918
11	2	13	906
11	2	14	878
11	2	15	814
11	2	16	668
11	2	17	276
11	2	18	0
11	2	19	0
11	2	20	0
11	2	21	0
11	2	22	0
11	2	23	0
11	2	24	0
11	3	1	0
11	3	2	0
11	3	3	0
11	3	4	0
11	3	5	0
11	3	6	0
11	3	7	45
11	3	8	418
11	3	9	646
11	3	10	752
11	3	11	802
11	3	12	820
11	3	13	802
11	3	14	734
11	3	15	646
11	3	16	370
11	3	17	29
11	3	18	0
11	3	19	0
11	3	20	0
11	3	21	0
11	3	22	0
11	3	23	0
11	3	24	0
11	4	1	0
11	4	2	0
11	4	3	0
11	4	4	0
11	4	5	0
11	4	6	0
11	4	7	0
11	4	8	22
11	4	9	9
11	4	10	5
11	4	11	1
11	4	12	2
11	4	13	6
11	4	14	1
11	4	15	1
11	4	16	33
11	4	17	25
11	4	18	0
11	4	19	0
11	4	20	0
11	4	21	0
11	4	22	0
11	4	23	0
11	4	24	0
11	5	1	0
11	5	2	0
11	5	3	0
11	5	4	0
11	5	5	0
11	5	6	0
11	5	7	17
11	5	8	75
11	5	9	136
11	5	10	250
11	5	11	204
11	5	12	644
11	5	13	548
11	5	14	420
11	5	15	75
11	5	16	86
11	5	17	19
11	5	18	0
11	5	19	0
11	5	20	0
11	5	21	0
11	5	22	0
11	5	23	0
11	5	24	0
11	6	1	0
11	6	2	0
11	6	3	0
11	6	4	0
11	6	5	0
11	6	6	0
11	6	7	21
11	6	8	305
11	6	9	519
11	6	10	761
11	6	11	812
11	6	12	837
11	6	13	821
11	6	14	786
11	6	15	626
11	6	16	460
11	6	17	74
11	6	18	0
11	6	19	0
11	6	20	0
11	6	21	0
11	6	22	0
11	6	23	0
11	6	24	0
11	7	1	0
11	7	2	0
11	7	3	0
11	7	4	0
11	7	5	0
11	7	6	0
11	7	7	27
11	7	8	295
11	7	9	437
11	7	10	84
11	7	11	281
11	7	12	247
11	7	13	232
11	7	14	31
11	7	15	10
11	7	16	30
11	7	17	2
11	7	18	0
11	7	19	0
11	7	20	0
11	7	21	0
11	7	22	0
11	7	23	0
11	7	24	0
11	8	1	0
11	8	2	0
11	8	3	0
11	8	4	0
11	8	5	0
11	8	6	0
11	8	7	0
11	8	8	5
11	8	9	5
11	8	10	4
11	8	11	2
11	8	12	1
11	8	13	1
11	8	14	2
11	8	15	0
11	8	16	1
11	8	17	0
11	8	18	0
11	8	19	0
11	8	20	0
11	8	21	0
11	8	22	0
11	8	23	0
11	8	24	0
11	9	1	0
11	9	2	0
11	9	3	0
11	9	4	0
11	9	5	0
11	9	6	0
11	9	7	44
11	9	8	444
11	9	9	672
11	9	10	780
11	9	11	833
11	9	12	848
11	9	13	849
11	9	14	802
11	9	15	736
11	9	16	557
11	9	17	147
11	9	18	0
11	9	19	0
11	9	20	0
11	9	21	0
11	9	22	0
11	9	23	0
11	9	24	0
11	10	1	0
11	10	2	0
11	10	3	0
11	10	4	0
11	10	5	0
11	10	6	0
11	10	7	29
11	10	8	157
11	10	9	460
11	10	10	536
11	10	11	821
11	10	12	838
11	10	13	788
11	10	14	730
11	10	15	631
11	10	16	351
11	10	17	97
11	10	18	0
11	10	19	0
11	10	20	0
11	10	21	0
11	10	22	0
11	10	23	0
11	10	24	0
11	11	1	0
11	11	2	0
11	11	3	0
11	11	4	0
11	11	5	0
11	11	6	0
11	11	7	0
11	11	8	22
11	11	9	8
11	11	10	1
11	11	11	4
11	11	12	2
11	11	13	5
11	11	14	212
11	11	15	307
11	11	16	535
11	11	17	111
11	11	18	0
11	11	19	0
11	11	20	0
11	11	21	0
11	11	22	0
11	11	23	0
11	11	24	0
11	12	1	0
11	12	2	0
11	12	3	0
11	12	4	0
11	12	5	0
11	12	6	0
11	12	7	1
11	12	8	2
11	12	9	6
11	12	10	367
11	12	11	147
11	12	12	67
11	12	13	13
11	12	14	1
11	12	15	87
11	12	16	68
11	12	17	2
11	12	18	0
11	12	19	0
11	12	20	0
11	12	21	0
11	12	22	0
11	12	23	0
11	12	24	0
11	13	1	0
11	13	2	0
11	13	3	0
11	13	4	0
11	13	5	0
11	13	6	0
11	13	7	0
11	13	8	5
11	13	9	6
11	13	10	7
11	13	11	3
11	13	12	2
11	13	13	3
11	13	14	1
11	13	15	3
11	13	16	1
11	13	17	0
11	13	18	0
11	13	19	0
11	13	20	0
11	13	21	0
11	13	22	0
11	13	23	0
11	13	24	0
11	14	1	0
11	14	2	0
11	14	3	0
11	14	4	0
11	14	5	0
11	14	6	0
11	14	7	0
11	14	8	0
11	14	9	0
11	14	10	1
11	14	11	301
11	14	12	142
11	14	13	320
11	14	14	5
11	14	15	330
11	14	16	185
11	14	17	38
11	14	18	0
11	14	19	0
11	14	20	0
11	14	21	0
11	14	22	0
11	14	23	0
11	14	24	0
11	15	1	0
11	15	2	0
11	15	3	0
11	15	4	0
11	15	5	0
11	15	6	0
11	15	7	3
11	15	8	164
11	15	9	308
11	15	10	361
11	15	11	234
11	15	12	769
11	15	13	632
11	15	14	379
11	15	15	311
11	15	16	111
11	15	17	1
11	15	18	0
11	15	19	0
11	15	20	0
11	15	21	0
11	15	22	0
11	15	23	0
11	15	24	0
11	16	1	0
11	16	2	0
11	16	3	0
11	16	4	0
11	16	5	0
11	16	6	0
11	16	7	0
11	16	8	5
11	16	9	8
11	16	10	4
11	16	11	3
11	16	12	604
11	16	13	510
11	16	14	409
11	16	15	107
11	16	16	196
11	16	17	18
11	16	18	0
11	16	19	0
11	16	20	0
11	16	21	0
11	16	22	0
11	16	23	0
11	16	24	0
11	17	1	0
11	17	2	0
11	17	3	0
11	17	4	0
11	17	5	0
11	17	6	0
11	17	7	3
11	17	8	41
11	17	9	44
11	17	10	17
11	17	11	11
11	17	12	4
11	17	13	7
11	17	14	3
11	17	15	5
11	17	16	0
11	17	17	0
11	17	18	0
11	17	19	0
11	17	20	0
11	17	21	0
11	17	22	0
11	17	23	0
11	17	24	0
11	18	1	0
11	18	2	0
11	18	3	0
11	18	4	0
11	18	5	0
11	18	6	0
11	18	7	2
11	18	8	323
11	18	9	663
11	18	10	387
11	18	11	716
11	18	12	593
11	18	13	876
11	18	14	848
11	18	15	768
11	18	16	591
11	18	17	152
11	18	18	0
11	18	19	0
11	18	20	0
11	18	21	0
11	18	22	0
11	18	23	0
11	18	24	0
11	19	1	0
11	19	2	0
11	19	3	0
11	19	4	0
11	19	5	0
11	19	6	0
11	19	7	2
11	19	8	125
11	19	9	292
11	19	10	87
11	19	11	151
11	19	12	342
11	19	13	667
11	19	14	498
11	19	15	511
11	19	16	389
11	19	17	49
11	19	18	0
11	19	19	0
11	19	20	0
11	19	21	0
11	19	22	0
11	19	23	0
11	19	24	0
11	20	1	0
11	20	2	0
11	20	3	0
11	20	4	0
11	20	5	0
11	20	6	0
11	20	7	33
11	20	8	455
11	20	9	722
11	20	10	834
11	20	11	885
11	20	12	789
11	20	13	853
11	20	14	785
11	20	15	644
11	20	16	328
11	20	17	72
11	20	18	0
11	20	19	0
11	20	20	0
11	20	21	0
11	20	22	0
11	20	23	0
11	20	24	0
11	21	1	0
11	21	2	0
11	21	3	0
11	21	4	0
11	21	5	0
11	21	6	0
11	21	7	0
11	21	8	0
11	21	9	7
11	21	10	2
11	21	11	2
11	21	12	7
11	21	13	4
11	21	14	1
11	21	15	4
11	21	16	1
11	21	17	0
11	21	18	0
11	21	19	0
11	21	20	0
11	21	21	0
11	21	22	0
11	21	23	0
11	21	24	0
11	22	1	0
11	22	2	0
11	22	3	0
11	22	4	0
11	22	5	0
11	22	6	0
11	22	7	0
11	22	8	0
11	22	9	0
11	22	10	1
11	22	11	1
11	22	12	1
11	22	13	1
11	22	14	1
11	22	15	1
11	22	16	0
11	22	17	0
11	22	18	0
11	22	19	0
11	22	20	0
11	22	21	0
11	22	22	0
11	22	23	0
11	22	24	0
11	23	1	0
11	23	2	0
11	23	3	0
11	23	4	0
11	23	5	0
11	23	6	0
11	23	7	0
11	23	8	1
11	23	9	0
11	23	10	0
11	23	11	1
11	23	12	2
11	23	13	1
11	23	14	2
11	23	15	1
11	23	16	1
11	23	17	0
11	23	18	0
11	23	19	0
11	23	20	0
11	23	21	0
11	23	22	0
11	23	23	0
11	23	24	0
11	24	1	0
11	24	2	0
11	24	3	0
11	24	4	0
11	24	5	0
11	24	6	0
11	24	7	0
11	24	8	14
11	24	9	128
11	24	10	78
11	24	11	388
11	24	12	420
11	24	13	296
11	24	14	545
11	24	15	261
11	24	16	169
11	24	17	4
11	24	18	0
11	24	19	0
11	24	20	0
11	24	21	0
11	24	22	0
11	24	23	0
11	24	24	0
11	25	1	0
11	25	2	0
11	25	3	0
11	25	4	0
11	25	5	0
11	25	6	0
11	25	7	1
11	25	8	117
11	25	9	288
11	25	10	109
11	25	11	375
11	25	12	391
11	25	13	304
11	25	14	96
11	25	15	354
11	25	16	184
11	25	17	20
11	25	18	0
11	25	19	0
11	25	20	0
11	25	21	0
11	25	22	0
11	25	23	0
11	25	24	0
11	26	1	0
11	26	2	0
11	26	3	0
11	26	4	0
11	26	5	0
11	26	6	0
11	26	7	0
11	26	8	221
11	26	9	486
11	26	10	604
11	26	11	599
11	26	12	690
11	26	13	698
11	26	14	622
11	26	15	581
11	26	16	320
11	26	17	33
11	26	18	0
11	26	19	0
11	26	20	0
11	26	21	0
11	26	22	0
11	26	23	0
11	26	24	0
11	27	1	0
11	27	2	0
11	27	3	0
11	27	4	0
11	27	5	0
11	27	6	0
11	27	7	0
11	27	8	11
11	27	9	21
11	27	10	1
11	27	11	11
11	27	12	8
11	27	13	3
11	27	14	6
11	27	15	2
11	27	16	0
11	27	17	0
11	27	18	0
11	27	19	0
11	27	20	0
11	27	21	0
11	27	22	0
11	27	23	0
11	27	24	0
11	28	1	0
11	28	2	0
11	28	3	0
11	28	4	0
11	28	5	0
11	28	6	0
11	28	7	0
11	28	8	0
11	28	9	0
11	28	10	0
11	28	11	0
11	28	12	1
11	28	13	0
11	28	14	1
11	28	15	63
11	28	16	58
11	28	17	7
11	28	18	0
11	28	19	0
11	28	20	0
11	28	21	0
11	28	22	0
11	28	23	0
11	28	24	0
11	29	1	0
11	29	2	0
11	29	3	0
11	29	4	0
11	29	5	0
11	29	6	0
11	29	7	0
11	29	8	139
11	29	9	295
11	29	10	146
11	29	11	23
11	29	12	244
11	29	13	372
11	29	14	178
11	29	15	146
11	29	16	82
11	29	17	0
11	29	18	0
11	29	19	0
11	29	20	0
11	29	21	0
11	29	22	0
11	29	23	0
11	29	24	0
11	30	1	0
11	30	2	0
11	30	3	0
11	30	4	0
11	30	5	0
11	30	6	0
11	30	7	0
11	30	8	12
11	30	9	214
11	30	10	242
11	30	11	297
11	30	12	140
11	30	13	58
11	30	14	158
11	30	15	59
11	30	16	16
11	30	17	0
11	30	18	0
11	30	19	0
11	30	20	0
11	30	21	0
11	30	22	0
11	30	23	0
11	30	24	0
12	1	1	0
12	1	2	0
12	1	3	0
12	1	4	0
12	1	5	0
12	1	6	0
12	1	7	0
12	1	8	0
12	1	9	0
12	1	10	1
12	1	11	1
12	1	12	1
12	1	13	2
12	1	14	0
12	1	15	1
12	1	16	0
12	1	17	0
12	1	18	0
12	1	19	0
12	1	20	0
12	1	21	0
12	1	22	0
12	1	23	0
12	1	24	0
12	2	1	0
12	2	2	0
12	2	3	0
12	2	4	0
12	2	5	0
12	2	6	0
12	2	7	0
12	2	8	7
12	2	9	7
12	2	10	8
12	2	11	2
12	2	12	134
12	2	13	104
12	2	14	195
12	2	15	175
12	2	16	90
12	2	17	12
12	2	18	0
12	2	19	0
12	2	20	0
12	2	21	0
12	2	22	0
12	2	23	0
12	2	24	0
12	3	1	0
12	3	2	0
12	3	3	0
12	3	4	0
12	3	5	0
12	3	6	0
12	3	7	0
12	3	8	164
12	3	9	126
12	3	10	304
12	3	11	265
12	3	12	462
12	3	13	105
12	3	14	22
12	3	15	1
12	3	16	2
12	3	17	1
12	3	18	0
12	3	19	0
12	3	20	0
12	3	21	0
12	3	22	0
12	3	23	0
12	3	24	0
12	4	1	0
12	4	2	0
12	4	3	0
12	4	4	0
12	4	5	0
12	4	6	0
12	4	7	0
12	4	8	172
12	4	9	529
12	4	10	622
12	4	11	701
12	4	12	630
12	4	13	567
12	4	14	577
12	4	15	288
12	4	16	146
12	4	17	13
12	4	18	0
12	4	19	0
12	4	20	0
12	4	21	0
12	4	22	0
12	4	23	0
12	4	24	0
12	5	1	0
12	5	2	0
12	5	3	0
12	5	4	0
12	5	5	0
12	5	6	0
12	5	7	0
12	5	8	3
12	5	9	16
12	5	10	5
12	5	11	6
12	5	12	6
12	5	13	4
12	5	14	4
12	5	15	1
12	5	16	1
12	5	17	0
12	5	18	0
12	5	19	0
12	5	20	0
12	5	21	0
12	5	22	0
12	5	23	0
12	5	24	0
12	6	1	0
12	6	2	0
12	6	3	0
12	6	4	0
12	6	5	0
12	6	6	0
12	6	7	0
12	6	8	0
12	6	9	0
12	6	10	0
12	6	11	0
12	6	12	0
12	6	13	0
12	6	14	71
12	6	15	1
12	6	16	5
12	6	17	10
12	6	18	0
12	6	19	0
12	6	20	0
12	6	21	0
12	6	22	0
12	6	23	0
12	6	24	0
12	7	1	0
12	7	2	0
12	7	3	0
12	7	4	0
12	7	5	0
12	7	6	0
12	7	7	0
12	7	8	82
12	7	9	243
12	7	10	223
12	7	11	404
12	7	12	254
12	7	13	142
12	7	14	256
12	7	15	198
12	7	16	122
12	7	17	61
12	7	18	0
12	7	19	0
12	7	20	0
12	7	21	0
12	7	22	0
12	7	23	0
12	7	24	0
12	8	1	0
12	8	2	0
12	8	3	0
12	8	4	0
12	8	5	0
12	8	6	0
12	8	7	0
12	8	8	132
12	8	9	494
12	8	10	662
12	8	11	749
12	8	12	707
12	8	13	689
12	8	14	595
12	8	15	453
12	8	16	354
12	8	17	26
12	8	18	0
12	8	19	0
12	8	20	0
12	8	21	0
12	8	22	0
12	8	23	0
12	8	24	0
12	9	1	0
12	9	2	0
12	9	3	0
12	9	4	0
12	9	5	0
12	9	6	0
12	9	7	0
12	9	8	2
12	9	9	2
12	9	10	9
12	9	11	2
12	9	12	2
12	9	13	5
12	9	14	6
12	9	15	22
12	9	16	173
12	9	17	74
12	9	18	0
12	9	19	0
12	9	20	0
12	9	21	0
12	9	22	0
12	9	23	0
12	9	24	0
12	10	1	0
12	10	2	0
12	10	3	0
12	10	4	0
12	10	5	0
12	10	6	0
12	10	7	0
12	10	8	41
12	10	9	326
12	10	10	485
12	10	11	571
12	10	12	628
12	10	13	507
12	10	14	469
12	10	15	408
12	10	16	146
12	10	17	5
12	10	18	0
12	10	19	0
12	10	20	0
12	10	21	0
12	10	22	0
12	10	23	0
12	10	24	0
12	11	1	0
12	11	2	0
12	11	3	0
12	11	4	0
12	11	5	0
12	11	6	0
12	11	7	0
12	11	8	186
12	11	9	647
12	11	10	800
12	11	11	861
12	11	12	900
12	11	13	887
12	11	14	855
12	11	15	641
12	11	16	459
12	11	17	67
12	11	18	0
12	11	19	0
12	11	20	0
12	11	21	0
12	11	22	0
12	11	23	0
12	11	24	0
12	12	1	0
12	12	2	0
12	12	3	0
12	12	4	0
12	12	5	0
12	12	6	0
12	12	7	0
12	12	8	70
12	12	9	158
12	12	10	426
12	12	11	203
12	12	12	4
12	12	13	7
12	12	14	3
12	12	15	6
12	12	16	3
12	12	17	0
12	12	18	0
12	12	19	0
12	12	20	0
12	12	21	0
12	12	22	0
12	12	23	0
12	12	24	0
12	13	1	0
12	13	2	0
12	13	3	0
12	13	4	0
12	13	5	0
12	13	6	0
12	13	7	0
12	13	8	0
12	13	9	2
12	13	10	0
12	13	11	1
12	13	12	1
12	13	13	0
12	13	14	1
12	13	15	1
12	13	16	0
12	13	17	0
12	13	18	0
12	13	19	0
12	13	20	0
12	13	21	0
12	13	22	0
12	13	23	0
12	13	24	0
12	14	1	0
12	14	2	0
12	14	3	0
12	14	4	0
12	14	5	0
12	14	6	0
12	14	7	0
12	14	8	0
12	14	9	0
12	14	10	1
12	14	11	1
12	14	12	1
12	14	13	1
12	14	14	1
12	14	15	0
12	14	16	1
12	14	17	0
12	14	18	0
12	14	19	0
12	14	20	0
12	14	21	0
12	14	22	0
12	14	23	0
12	14	24	0
12	15	1	0
12	15	2	0
12	15	3	0
12	15	4	0
12	15	5	0
12	15	6	0
12	15	7	0
12	15	8	91
12	15	9	100
12	15	10	380
12	15	11	651
12	15	12	159
12	15	13	606
12	15	14	543
12	15	15	342
12	15	16	90
12	15	17	7
12	15	18	0
12	15	19	0
12	15	20	0
12	15	21	0
12	15	22	0
12	15	23	0
12	15	24	0
12	16	1	0
12	16	2	0
12	16	3	0
12	16	4	0
12	16	5	0
12	16	6	0
12	16	7	0
12	16	8	129
12	16	9	423
12	16	10	529
12	16	11	706
12	16	12	511
12	16	13	717
12	16	14	688
12	16	15	654
12	16	16	435
12	16	17	55
12	16	18	0
12	16	19	0
12	16	20	0
12	16	21	0
12	16	22	0
12	16	23	0
12	16	24	0
12	17	1	0
12	17	2	0
12	17	3	0
12	17	4	0
12	17	5	0
12	17	6	0
12	17	7	0
12	17	8	58
12	17	9	281
12	17	10	376
12	17	11	673
12	17	12	693
12	17	13	710
12	17	14	288
12	17	15	157
12	17	16	139
12	17	17	13
12	17	18	0
12	17	19	0
12	17	20	0
12	17	21	0
12	17	22	0
12	17	23	0
12	17	24	0
12	18	1	0
12	18	2	0
12	18	3	0
12	18	4	0
12	18	5	0
12	18	6	0
12	18	7	0
12	18	8	1
12	18	9	2
12	18	10	8
12	18	11	7
12	18	12	1
12	18	13	4
12	18	14	5
12	18	15	2
12	18	16	1
12	18	17	0
12	18	18	0
12	18	19	0
12	18	20	0
12	18	21	0
12	18	22	0
12	18	23	0
12	18	24	0
12	19	1	0
12	19	2	0
12	19	3	0
12	19	4	0
12	19	5	0
12	19	6	0
12	19	7	0
12	19	8	0
12	19	9	1
12	19	10	0
12	19	11	1
12	19	12	1
12	19	13	1
12	19	14	1
12	19	15	0
12	19	16	1
12	19	17	0
12	19	18	0
12	19	19	0
12	19	20	0
12	19	21	0
12	19	22	0
12	19	23	0
12	19	24	0
12	20	1	0
12	20	2	0
12	20	3	0
12	20	4	0
12	20	5	0
12	20	6	0
12	20	7	0
12	20	8	0
12	20	9	0
12	20	10	0
12	20	11	0
12	20	12	0
12	20	13	1
12	20	14	0
12	20	15	0
12	20	16	0
12	20	17	0
12	20	18	0
12	20	19	0
12	20	20	0
12	20	21	0
12	20	22	0
12	20	23	0
12	20	24	0
12	21	1	0
12	21	2	0
12	21	3	0
12	21	4	0
12	21	5	0
12	21	6	0
12	21	7	0
12	21	8	0
12	21	9	0
12	21	10	0
12	21	11	1
12	21	12	0
12	21	13	1
12	21	14	1
12	21	15	1
12	21	16	0
12	21	17	0
12	21	18	0
12	21	19	0
12	21	20	0
12	21	21	0
12	21	22	0
12	21	23	0
12	21	24	0
12	22	1	0
12	22	2	0
12	22	3	0
12	22	4	0
12	22	5	0
12	22	6	0
12	22	7	0
12	22	8	15
12	22	9	36
12	22	10	198
12	22	11	204
12	22	12	187
12	22	13	103
12	22	14	412
12	22	15	193
12	22	16	122
12	22	17	2
12	22	18	0
12	22	19	0
12	22	20	0
12	22	21	0
12	22	22	0
12	22	23	0
12	22	24	0
12	23	1	0
12	23	2	0
12	23	3	0
12	23	4	0
12	23	5	0
12	23	6	0
12	23	7	0
12	23	8	49
12	23	9	258
12	23	10	106
12	23	11	50
12	23	12	351
12	23	13	418
12	23	14	420
12	23	15	360
12	23	16	77
12	23	17	6
12	23	18	0
12	23	19	0
12	23	20	0
12	23	21	0
12	23	22	0
12	23	23	0
12	23	24	0
12	24	1	0
12	24	2	0
12	24	3	0
12	24	4	0
12	24	5	0
12	24	6	0
12	24	7	0
12	24	8	115
12	24	9	509
12	24	10	691
12	24	11	776
12	24	12	658
12	24	13	723
12	24	14	682
12	24	15	434
12	24	16	146
12	24	17	6
12	24	18	0
12	24	19	0
12	24	20	0
12	24	21	0
12	24	22	0
12	24	23	0
12	24	24	0
12	25	1	0
12	25	2	0
12	25	3	0
12	25	4	0
12	25	5	0
12	25	6	0
12	25	7	0
12	25	8	1
12	25	9	7
12	25	10	6
12	25	11	5
12	25	12	2
12	25	13	3
12	25	14	6
12	25	15	1
12	25	16	1
12	25	17	0
12	25	18	0
12	25	19	0
12	25	20	0
12	25	21	0
12	25	22	0
12	25	23	0
12	25	24	0
12	26	1	0
12	26	2	0
12	26	3	0
12	26	4	0
12	26	5	0
12	26	6	0
12	26	7	0
12	26	8	94
12	26	9	574
12	26	10	797
12	26	11	870
12	26	12	894
12	26	13	903
12	26	14	867
12	26	15	785
12	26	16	598
12	26	17	142
12	26	18	0
12	26	19	0
12	26	20	0
12	26	21	0
12	26	22	0
12	26	23	0
12	26	24	0
12	27	1	0
12	27	2	0
12	27	3	0
12	27	4	0
12	27	5	0
12	27	6	0
12	27	7	0
12	27	8	37
12	27	9	346
12	27	10	562
12	27	11	663
12	27	12	704
12	27	13	703
12	27	14	656
12	27	15	543
12	27	16	142
12	27	17	8
12	27	18	0
12	27	19	0
12	27	20	0
12	27	21	0
12	27	22	0
12	27	23	0
12	27	24	0
12	28	1	0
12	28	2	0
12	28	3	0
12	28	4	0
12	28	5	0
12	28	6	0
12	28	7	0
12	28	8	35
12	28	9	339
12	28	10	553
12	28	11	586
12	28	12	524
12	28	13	382
12	28	14	507
12	28	15	459
12	28	16	187
12	28	17	2
12	28	18	0
12	28	19	0
12	28	20	0
12	28	21	0
12	28	22	0
12	28	23	0
12	28	24	0
12	29	1	0
12	29	2	0
12	29	3	0
12	29	4	0
12	29	5	0
12	29	6	0
12	29	7	0
12	29	8	40
12	29	9	357
12	29	10	575
12	29	11	671
12	29	12	712
12	29	13	604
12	29	14	584
12	29	15	168
12	29	16	104
12	29	17	6
12	29	18	0
12	29	19	0
12	29	20	0
12	29	21	0
12	29	22	0
12	29	23	0
12	29	24	0
12	30	1	0
12	30	2	0
12	30	3	0
12	30	4	0
12	30	5	0
12	30	6	0
12	30	7	0
12	30	8	34
12	30	9	335
12	30	10	620
12	30	11	792
12	30	12	763
12	30	13	652
12	30	14	704
12	30	15	674
12	30	16	283
12	30	17	30
12	30	18	0
12	30	19	0
12	30	20	0
12	30	21	0
12	30	22	0
12	30	23	0
12	30	24	0
12	31	1	0
12	31	2	0
12	31	3	0
12	31	4	0
12	31	5	0
12	31	6	0
12	31	7	0
12	31	8	5
12	31	9	90
12	31	10	54
12	31	11	271
12	31	12	239
12	31	13	143
12	31	14	353
12	31	15	227
12	31	16	361
12	31	17	106
12	31	18	0
12	31	19	0
12	31	20	0
12	31	21	0
12	31	22	0
12	31	23	0
12	31	24	0
